age	weight	height	attr	sex	horm	mearche	hetero	steady	looking	number_sex1	number_sex2	number_sex3	SOI1	SOI2	SOI3	SOI4	SOI5	SOI6	scan1	scan2	scan3	scan4	scan5	scan6	scan7	scan8	scan9	scan10
19	72	178	7	1	NA	NA	1	1	NA	3	5	4	5	4	2	4	3	1	2	2	2	2	7	4	2	2	3	4
24	59	162	7	2	1	14	1	1	NA	2	3	2	2	2	4	1	1	1	8	4	4	3	5	4	4	5	4	5
20	53	174	7	2	2	14	1	2	1	1	1	1	4	1	5	3	3	1	4	2	1	2	3	2	5	6	1	7
22	87	168	5	2	1	11	1	1	NA	2	1	1	3	2	3	2	2	2	5	3	2	1	2	8	8	5	1	1
25	80	173	8	1	NA	NA	1	2	1	1	1	1	1	2	5	5	2	4	1	3	3	8	8	1	1	5	2	8
72	74	167	7	2	2	14	1	1	NA	2	2	1	1	1	5	1	1	1	4	7	3	7	3	3	6	7	3	7
20	60	168	7	2	1	12	1	1	NA	2	5	5	5	5	1	3	2	3	6	4	5	6	4	4	6	4	4	5
22	68	162	7	2	2	14	4	2	1	1	1	1	3	2	3	3	2	2	2	1	2	2	7	7	2	7	4	6
21	83	186	8	1	NA	NA	1	2	1	1	1	1	5	2	4	3	2	1	3	3	3	4	5	4	3	5	4	5
28	67	179	7	2	1	13	1	2	2	1	3	3	4	2	2	4	4	4	7	2	2	1	6	3	7	6	3	2
24	67	180	8	2	1	12	1	2	3	1	1	1	5	3	2	2	1	3	8	1	4	4	1	1	1	4	5	8
22	63	167	5	2	1	13	1	2	3	1	1	1	5	3	3	3	2	3	4	4	5	3	3	2	6	6	4	6
23	60	168	6	2	1	12	1	1	NA	2	3	1	2	1	2	3	2	2	6	4	4	4	4	5	5	5	4	5
20	60	180	7	1	NA	NA	1	2	2	3	3	3	5	3	4	4	3	4	3	3	6	3	5	5	5	5	6	4
26	80	186	8	1	NA	NA	1	2	2	4	5	5	5	5	1	5	5	4	4	4	3	4	5	5	3	3	3	5
20	68	185	9	1	NA	NA	1	1	NA	3	3	3	5	2	1	3	1	3	3	4	4	5	5	5	5	5	6	6
24	73	183	7	1	NA	NA	1	1	NA	3	4	4	5	4	1	4	4	3	4	4	2	3	6	2	1	8	3	7
21	72	176	6	1	NA	NA	1	1	NA	2	3	4	5	3	2	5	5	4	3	3	3	6	3	6	6	3	1	3
19	69	190	7	1	NA	NA	1	1	NA	2	3	4	4	4	2	4	3	4	3	6	3	5	2	6	1	6	6	7
19	62	167	7	2	1	11	1	1	NA	2	1	3	5	3	3	3	2	1	1	5	3	3	3	5	5	6	4	6
20	58.6	173	7	2	1	15	2	2	2	4	3	5	5	5	1	4	4	4	3	3	6	3	2	5	3	4	3	7
29	100	176	6	1	NA	NA	1	1	NA	2	1	1	4	4	2	3	3	3	1	5	4	5	5	4	1	4	4	5
50	81	185	7	1	NA	NA	1	1	NA	2	1	2	5	5	1	4	3	3	4	5	4	5	3	5	3	5	5	5
21	72	177	7	1	NA	NA	1	2	3	1	1	1	4	2	2	2	2	2	5	3	3	3	5	6	4	4	6	4
22	66	187	8	1	NA	NA	3	1	NA	4	5	5	5	4	1	2	2	2	4	2	2	2	3	2	3	1	4	3
20	63	178	9	1	NA	NA	1	2	1	2	2	1	4	4	2	4	4	3	1	1	1	8	5	5	5	5	6	6
21	62	175	6	2	1	15	1	1	NA	2	1	2	4	4	4	2	3	2	7	5	3	4	5	6	5	5	4	3
18	56	160	3	2	1	12	1	2	2	2	1	1	4	4	2	3	3	3	6	6	4	4	4	5	4	5	4	5
27	75	159	7	2	1	11	1	2	1	1	2	2	2	1	2	3	3	2	6	3	3	2	4	5	4	5	2	6
23	57	174	7	2	1	13	1	2	1	1	1	1	3	1	4	3	2	2	8	6	3	1	6	4	7	7	3	8
20	65	183	5	1	NA	NA	2	2	3	2	2	2	2	3	3	3	4	1	4	4	4	4	6	5	5	5	5	5
19	75	175	6	2	1	12	1	2	3	2	2	2	4	2	2	3	2	1	3	1	5	3	4	7	4	6	4	6
22	76	182	8	1	NA	NA	4	1	NA	2	1	1	3	4	1	2	1	2	5	4	4	4	5	5	4	4	4	7
42	79	180	7	1	NA	NA	2	2	2	4	5	5	5	3	1	5	3	3	4	4	5	4	4	4	5	5	5	4
25	55	183	6	1	NA	NA	1	2	1	1	1	1	4	2	3	5	4	4	3	6	4	3	3	3	2	2	2	6
20	66	165	7	2	1	12	1	1	NA	2	2	1	5	2	2	2	2	2	3	4	4	3	3	7	6	6	4	3
25	55	168	8	2	1	11	1	2	1	3	2	2	5	2	4	2	2	1	4	4	5	5	3	2	4	4	5	5
21	71	179	6	1	NA	NA	1	2	1	1	1	1	4	3	4	4	3	2	2	6	6	6	6	2	2	5	3	5
21	58	168	7	2	1	12	1	1	NA	2	3	3	4	3	3	1	2	1	4	5	5	5	4	5	4	4	4	5
18	87	185	7	1	NA	NA	1	2	1	2	1	1	4	4	2	4	3	2	1	3	4	6	8	3	1	2	1	8
59	67	163	5	1	NA	NA	1	1	NA	2	5	3	5	4	1	2	2	2	2	7	3	5	4	5	5	5	5	4
20	68	173	6	1	NA	NA	1	2	3	1	1	1	3	3	3	4	2	5	4	5	5	5	5	3	4	4	2	5
21	55	161	7	2	1	12	1	1	NA	2	1	1	4	1	4	2	2	2	6	5	7	6	4	3	4	3	4	5
21	55	165	6	2	2	14	1	2	1	2	1	1	4	3	2	4	2	1	5	3	3	2	3	2	5	6	4	6
18	65	160	3	2	1	12	1	2	1	1	1	1	1	1	4	3	3	1	6	3	2	2	3	3	2	4	5	6
21	40	155	6	2	1	13	1	1	NA	2	1	1	2	1	4	1	1	1	5	4	4	5	5	6	4	5	4	5
35	59	163	7	2	1	12	1	1	NA	3	4	4	5	5	1	3	3	3	5	4	5	3	3	5	6	5	3	5
25	60	167	7	2	1	13	1	1	NA	3	1	1	4	2	2	2	2	1	7	7	4	5	5	7	3	3	4	7
20	58	163	7	2	2	13	2	2	3	1	1	1	4	1	4	1	1	1	6	2	2	2	6	5	6	8	3	3
18	55	157	5	2	1	12	1	2	1	1	1	1	3	2	4	1	1	1	3	2	3	3	6	5	3	5	3	5
20	59	185	6	2	1	13	2	1	NA	2	4	5	5	4	1	3	3	2	5	5	6	3	3	5	2	2	4	5
22	68	165	6	2	1	12	1	2	1	2	1	2	3	1	4	2	2	2	5	3	2	3	3	3	7	5	2	7
21	58	161	6	2	1	11	1	1	NA	2	2	1	5	3	3	2	1	1	3	6	3	7	3	2	2	7	2	7
18	52	165	7	2	1	14	1	2	3	1	1	1	3	4	2	2	2	2	4	3	2	6	7	8	6	5	3	7
23	78	187	8	1	NA	NA	1	1	NA	2	5	5	5	4	2	2	2	2	3	2	3	3	2	5	2	4	2	5
46	57	170	8	2	1	15	1	1	NA	3	1	2	5	4	1	4	2	4	7	5	4	5	4	4	7	5	5	6
18	61	174	7	2	1	15	2	1	NA	2	2	1	2	1	4	1	1	1	6	3	4	4	5	5	5	7	4	5
18	43	163	7	2	1	13	1	1	NA	2	2	1	2	1	5	2	1	1	5	6	4	3	5	6	6	7	2	7
20	62	164	7	2	1	13	1	2	1	4	2	4	5	5	1	4	2	2	4	5	5	3	4	6	6	5	4	6
19	65	174	6	1	NA	NA	1	1	NA	2	1	2	3	4	1	4	3	4	4	3	5	4	5	4	5	3	4	3
21	76	182	7	1	NA	NA	1	2	1	1	1	1	3	1	4	2	2	2	1	8	8	8	8	1	1	4	3	8
19	77	170	5	2	1	11	1	2	1	1	1	1	3	3	4	4	2	2	1	4	3	3	2	5	4	5	4	5
20	82	190	7	1	NA	NA	1	2	2	3	4	4	5	5	3	3	2	1	3	5	5	6	6	7	2	7	5	5
19	83.4	189	7	1	NA	NA	1	2	2	1	1	1	4	4	2	3	3	4	1	7	1	5	4	5	3	4	5	5
21	61	175	4	2	2	13	1	2	1	2	1	2	4	3	3	2	5	2	1	4	5	4	4	4	5	5	4	5
18	70	192	7	1	NA	NA	3	2	1	5	4	4	2	5	2	4	4	2	6	4	4	5	4	5	7	5	3	6
20	62	174	7	2	1	13	1	2	2	2	1	2	5	5	2	4	4	2	7	4	3	2	5	5	7	6	4	6
21	63	164	7	2	2	13	1	2	3	1	1	1	3	1	4	5	5	5	3	6	6	8	2	4	1	1	6	8
20	59	160	7	2	NA	15	1	2	1	1	1	1	2	1	4	2	2	2	3	5	3	4	2	2	4	6	5	7
18	59	170	4	2	2	14	1	2	1	1	1	1	4	3	2	3	3	1	4	2	2	3	3	3	6	6	3	5
21	74	165	7	2	2	14	1	1	NA	2	1	1	5	3	3	1	1	1	7	8	4	3	5	2	3	6	1	8
21	65	172	6	2	2	15	2	2	2	1	3	3	3	4	2	4	2	3	5	3	2	3	5	6	6	6	3	2
23	58	175	6	1	NA	NA	1	1	NA	2	1	1	4	4	1	3	2	1	4	3	5	5	6	3	3	5	4	6
20	60	170	7	2	2	13	1	2	1	1	1	1	2	3	4	2	2	2	7	3	2	2	6	6	6	6	3	5
23	50	156	4	2	2	12	2	2	1	1	1	1	4	5	1	3	3	3	3	5	3	2	3	2	2	7	7	8
20	86	189	8	1	NA	NA	1	1	NA	4	2	4	4	4	2	4	4	3	3	2	2	5	6	3	3	6	3	5
23	72	156	6	2	1	11	1	1	NA	4	4	5	5	5	1	3	2	3	7	6	2	2	4	7	6	7	4	5
28	58	170	8	2	2	13	1	2	2	4	4	4	5	4	1	3	4	1	1	1	3	3	4	3	2	6	2	8
20	83	174	6	2	2	11	1	2	1	1	1	1	2	1	5	2	1	2	4	4	4	4	5	5	5	5	4	3
19	49	160	6	2	1	14	4	1	NA	1	1	1	1	1	4	1	1	1	3	4	5	3	2	1	5	6	4	5
18	68	178	7	2	1	15	1	1	NA	2	3	1	2	1	4	2	2	2	5	2	3	4	3	4	3	5	3	3
24	60	163	7	2	1	14	1	1	NA	2	4	5	5	4	2	2	2	1	5	3	4	3	3	3	4	4	3	3
21	67	170	7	2	1	12	1	1	NA	2	1	1	4	2	5	2	1	1	2	6	4	4	3	2	3	5	5	5
20	49	167	6	2	1	15	1	2	1	1	1	1	3	3	3	1	1	1	2	4	4	2	2	1	4	7	2	4
20	60	166	7	2	1	15	1	1	NA	2	1	1	3	3	3	2	2	1	4	4	5	4	5	5	4	5	4	5
20	165	175	6	1	NA	NA	1	2	1	2	2	4	4	2	2	3	3	3	4	4	3	5	5	4	4	3	3	6
20	54	170	8	2	1	14	2	1	NA	3	1	2	3	2	3	2	2	2	3	6	4	3	6	3	3	7	2	3
25	65	173	8	1	NA	NA	1	1	NA	2	5	5	5	5	1	3	5	4	8	8	8	8	8	8	8	8	8	8
23	70	170	7	2	1	14	1	1	NA	2	4	4	5	4	2	3	2	3	3	5	2	2	8	7	2	8	3	3
26	64	167	6	2	1	12	1	1	NA	2	1	1	4	1	4	1	2	1	6	6	5	2	5	4	4	6	5	6
32	72	170	6	1	NA	NA	1	1	NA	2	4	4	4	4	2	4	4	4	7	2	2	2	7	7	7	7	7	2
19	72	175	7	2	1	12	1	2	1	2	3	2	4	2	2	3	4	2	2	7	1	1	4	1	7	6	2	2
18	68	167	7	2	2	14	2	2	1	1	1	1	5	4	1	5	3	5	7	4	2	2	6	6	7	7	4	2
54	85	180	5	1	NA	NA	1	1	NA	2	1	1	5	2	3	4	3	3	4	3	3	5	5	5	3	5	5	6
21	59	174	6	2	1	12	1	1	NA	2	3	2	2	1	4	1	2	2	5	2	2	2	4	5	5	5	2	6
27	75	175	5	1	NA	NA	1	1	NA	2	4	3	4	3	1	3	1	2	4	4	4	4	5	4	3	4	3	6
20	60	165	7	2	1	11	2	1	NA	3	1	1	2	1	3	3	3	2	4	5	5	4	4	6	3	4	5	3
33	63	173	8	2	1	12	1	1	NA	2	3	1	1	1	3	1	1	1	2	7	6	6	4	3	5	6	4	6
18	55	170	7	1	NA	NA	1	2	3	1	1	1	3	1	5	2	1	2	3	3	4	4	6	5	3	4	4	6
25	70	173	8	2	2	14	1	1	NA	2	1	1	2	2	4	2	1	2	2	5	4	3	3	6	6	5	5	6
30	87	188	8	1	NA	NA	3	1	NA	3	5	5	5	5	2	4	3	3	4	5	5	6	5	4	3	6	6	4
19	60	166	4	2	2	14	2	2	1	1	1	1	3	3	2	3	3	4	3	5	3	3	5	3	2	6	4	4
22	65	181	7	1	NA	NA	1	2	1	1	1	1	4	1	4	2	2	1	2	7	3	5	7	2	1	7	2	7
20	72	169	2	2	1	17	1	1	NA	2	1	1	3	1	5	1	1	1	4	7	3	3	1	2	2	4	4	5
20	63	178	7	2	1	14	1	1	NA	2	1	1	3	1	4	2	1	1	8	1	4	2	5	3	8	8	4	6
20	56	177	6	1	NA	NA	1	1	NA	2	2	1	4	4	2	2	2	1	3	6	3	5	5	3	3	5	3	5
20	54	174	7	2	1	12	1	1	NA	2	3	3	4	4	1	3	2	1	4	2	2	4	3	1	1	7	4	3
31	90	170	3	2	2	11	1	1	NA	2	2	1	2	1	5	1	1	1	3	1	1	3	6	5	5	8	8	8
22	82	190	8	1	NA	NA	1	1	NA	2	1	3	4	4	1	4	2	4	3	5	3	2	2	3	6	4	3	1
18	62	159	7	2	2	15	1	2	3	1	1	1	4	4	3	4	2	1	6	2	1	2	4	6	6	6	4	6
19	47	157	7	2	2	13	2	1	NA	2	1	1	4	2	5	3	2	2	3	6	3	2	2	7	3	6	3	8
29	65	170	8	2	2	14	1	1	NA	2	3	3	5	3	1	2	1	1	7	8	2	2	2	2	8	8	1	8
23	61	169	7	1	NA	NA	1	1	NA	2	1	1	2	3	3	2	1	3	2	5	5	7	6	2	1	6	2	6
21	73	184	5	1	NA	NA	1	2	1	1	1	1	3	1	4	3	3	3	3	3	3	3	6	4	1	5	4	5
22	70	182	7	1	NA	NA	1	1	NA	2	1	1	3	4	4	3	3	3	3	2	4	3	4	6	3	6	3	2
18	72	175	7	2	1	12	1	1	NA	2	1	1	4	2	4	3	3	1	3	2	1	2	2	4	3	6	2	4
25	75	165	6	2	2	13	1	1	NA	2	1	1	1	1	5	2	1	1	7	5	3	3	5	5	2	6	4	7
41	67	156	6	2	1	13	1	1	NA	2	1	1	4	3	2	2	2	2	2	2	2	2	2	2	2	7	2	7
21	63	170	5	1	NA	NA	1	2	3	1	1	1	1	1	5	2	1	2	4	4	5	5	5	3	4	4	4	5
21	65	170	7	2	1	12	1	1	NA	2	1	1	5	4	2	3	2	1	3	4	3	3	2	4	5	6	4	5
23	63	178	8	1	NA	NA	1	2	1	1	1	1	4	2	2	2	4	2	3	3	6	3	4	2	2	3	1	6
22	69	181	6	1	NA	NA	1	1	NA	2	3	3	3	1	1	4	1	5	2	2	5	4	5	5	2	5	3	5
21	64	169	5	2	1	14	1	1	NA	2	1	1	3	2	2	2	2	2	5	3	2	3	4	3	6	6	2	3
19	55	165	9	2	1	12	1	2	1	3	3	3	4	2	3	2	2	2	4	4	5	5	4	4	2	7	4	6
21	77	180	7	1	NA	NA	1	1	NA	2	2	2	3	2	5	5	3	3	3	6	4	2	3	2	2	2	2	8
23	52	164	7	2	1	11	1	1	NA	4	3	5	3	1	3	1	1	1	8	1	1	1	8	8	1	8	1	8
20	43	163	6	2	1	12	1	2	1	3	3	1	3	2	4	3	2	2	6	5	4	4	5	5	4	6	5	5
19	64	161	8	2	1	11	1	1	NA	2	2	1	5	2	3	3	2	2	2	4	4	5	4	4	5	6	4	6
45	86	190	8	1	NA	NA	1	1	NA	3	5	5	5	5	1	4	3	4	2	7	2	7	7	2	2	2	2	7
20	60	168	6	2	2	13	1	2	3	1	1	1	1	1	5	2	2	1	5	5	3	4	5	4	5	5	4	5
22	56	170	6	2	1	12	1	1	NA	2	1	1	4	4	2	3	2	2	6	5	3	2	2	4	7	5	4	7
27	62	167	6	2	1	14	1	2	1	3	4	3	1	5	1	4	3	2	6	4	4	4	4	5	5	5	4	4
24	73	177	7	2	1	12	3	1	NA	3	2	2	4	2	2	3	2	2	3	7	4	1	7	3	5	3	4	5
20	75	193	7	1	NA	NA	1	2	1	1	1	1	4	2	2	4	4	4	3	7	5	6	7	4	8	3	6	7
20	92	199	8	1	NA	NA	1	1	NA	2	4	5	5	5	1	4	2	1	8	5	1	4	4	5	7	2	5	7
18	79	181	7	1	NA	NA	1	2	3	1	1	1	3	4	4	5	5	4	4	4	5	4	6	4	2	6	4	5
23	70	186	7	1	NA	NA	1	2	1	1	1	1	4	3	2	4	2	3	4	2	2	5	6	4	4	6	2	5
18	62	166	6	2	1	10	1	2	1	1	1	1	3	2	3	2	2	1	6	3	3	2	3	2	6	3	2	7
21	56	162	7	2	1	14	1	1	NA	2	1	1	2	1	5	2	1	1	5	4	5	2	5	7	5	6	3	6
18	70	175	6	2	2	16	1	2	1	1	1	1	4	3	2	3	2	2	6	3	2	2	4	4	7	6	3	5
19	62	162	6	2	2	13	1	2	1	1	1	1	4	3	2	2	2	1	4	3	4	3	5	5	5	5	3	6
22	80	188	7	1	NA	NA	1	2	1	3	5	4	5	5	2	4	2	4	3	3	5	4	4	4	3	2	4	5
20	54	170	7	2	1	13	1	1	NA	2	3	4	5	5	2	4	3	4	5	3	4	3	5	6	4	5	4	4
20	53	162	7	2	1	13	1	2	1	2	1	1	1	1	5	4	4	1	4	5	3	2	2	2	6	3	2	6
20	67	173	7	1	NA	NA	1	2	1	1	3	3	5	5	1	4	4	1	7	5	4	4	6	4	1	4	3	6
21	75	189	7	1	NA	NA	1	1	NA	2	2	1	4	3	2	1	2	2	1	3	5	5	3	3	3	3	3	4
20	63	173	8	2	2	13	1	2	1	4	4	5	5	4	1	5	4	4	6	2	2	3	7	7	3	6	1	7
26	82	187	5	1	NA	NA	1	2	1	1	1	1	5	3	2	4	2	2	3	4	3	2	4	3	6	4	5	3
19	62	167	6	2	1	12	1	1	NA	2	2	1	3	4	2	2	3	3	7	3	3	3	3	4	4	6	3	3
22	72	188	3	1	NA	NA	1	2	3	1	1	2	3	4	4	5	2	3	2	6	6	6	6	2	2	2	2	7
25	94	183	5	2	1	15	1	2	3	3	4	4	5	2	2	3	3	2	2	5	6	8	1	2	2	6	5	6
18	70	170	8	2	1	12	1	2	2	1	1	1	3	3	2	4	5	2	3	2	7	1	4	3	1	7	2	8
18	67	196	7	2	1	13	1	2	3	1	1	1	3	3	4	2	1	1	6	2	2	3	5	5	6	6	4	3
26	87	190	8	1	NA	NA	1	2	2	5	3	5	2	4	1	4	3	3	2	6	3	5	7	2	1	4	3	8
22	60	173	7	2	1	15	1	2	1	1	1	1	3	2	3	2	1	1	5	4	3	3	4	5	5	5	4	5
24	86	178	5	1	NA	NA	1	1	NA	2	1	1	5	4	2	3	3	4	2	2	5	7	7	3	2	4	2	7
20	65	179	7	1	NA	NA	1	1	NA	2	1	1	5	5	3	4	3	3	3	2	4	5	6	4	1	3	2	6
21	66	177	5	2	2	12	1	2	1	1	1	1	2	2	4	3	3	3	4	5	4	5	5	4	5	5	4	5
19	53	170	8	2	1	13	2	1	NA	2	1	2	4	2	1	4	3	1	2	2	2	5	4	4	2	3	1	8
26	76	167	7	2	1	16	1	1	NA	2	3	1	3	4	2	3	2	1	7	5	6	6	7	2	7	7	4	6
20	50	160	6	2	2	12	1	2	1	1	1	1	1	1	5	2	1	1	6	7	6	7	3	6	2	4	3	3
21	67	167	6	2	1	14	1	1	NA	2	1	1	2	1	4	2	2	1	6	2	2	4	5	5	6	5	3	5
22	71	180	6	2	1	15	1	2	1	3	2	5	5	5	2	3	2	2	3	5	5	3	4	3	5	4	4	5
25	76	184	8	1	NA	NA	1	2	1	3	3	2	5	1	1	3	2	2	3	3	7	2	8	2	1	8	4	8
30	90	183	5	2	2	11	1	1	NA	2	1	1	3	1	4	2	1	2	6	5	2	6	7	6	3	5	3	7
32	68	163	7	2	1	12	1	1	NA	2	5	5	5	5	1	2	2	2	7	5	2	2	4	5	7	7	4	5
20	65	173	7	2	2	14	1	2	3	1	1	2	5	1	1	3	2	1	6	4	3	3	2	6	7	7	4	4
23	52	175	6	2	1	14	1	1	NA	2	1	1	4	5	5	1	1	1	4	4	3	3	3	5	6	6	5	3
19	59	168	3	2	NA	14	1	2	1	1	1	1	3	1	5	2	2	3	4	4	4	4	4	4	4	5	4	5
22	60	185	6	1	NA	NA	2	1	NA	2	2	2	5	5	1	5	4	5	7	2	3	1	4	6	7	3	7	4
20	85	183	7	1	NA	NA	1	2	2	3	3	3	4	3	2	4	4	2	3	4	4	6	4	4	4	5	3	3
45	72	182	7	2	2	16	1	1	NA	2	1	2	3	3	2	2	2	2	7	2	2	2	7	7	7	7	5	6
22	66	176	7	2	2	13	4	2	1	1	2	1	4	3	4	4	1	2	5	6	4	2	2	3	4	5	5	5
22	78	180	5	2	1	12	1	1	NA	2	5	4	4	4	2	2	2	1	4	3	2	5	5	3	6	6	3	5
21	58	171	7	2	1	14	1	2	1	2	1	1	3	2	3	4	3	1	2	1	6	6	3	5	7	5	3	5
24	75	182	6	1	NA	NA	3	1	NA	2	2	2	5	4	1	4	2	3	2	2	4	3	5	3	6	5	3	3
20	63	167	7	2	1	13	1	2	3	2	1	1	4	2	5	3	2	1	4	4	3	2	4	4	3	5	3	5
37	90	190	8	1	NA	NA	1	2	2	2	2	3	5	5	1	5	5	5	8	1	1	3	5	6	5	5	5	4
24	65	164	8	2	1	12	1	2	1	3	3	2	4	5	2	2	4	2	6	4	4	4	5	5	5	5	4	5
22	58	175	9	2	2	17	4	2	1	3	5	5	5	2	1	4	2	2	5	5	5	5	3	5	3	4	5	6
24	73	179	7	1	NA	NA	2	2	3	1	1	1	1	5	5	1	1	1	3	5	5	3	6	5	3	4	2	7
26	90	184	7	1	NA	NA	1	1	NA	2	4	3	5	5	1	4	3	3	7	3	2	2	6	2	6	6	3	3
36	66	178	7	2	2	13	1	2	3	1	1	1	1	1	5	3	1	2	2	4	2	3	3	4	5	6	3	6
19	48	152	6	2	NA	13	1	1	NA	1	1	1	4	3	3	1	1	1	6	4	3	3	2	2	7	3	7	8
22	55	170	3	1	NA	NA	1	2	1	1	1	1	3	3	4	4	1	2	3	3	4	3	5	3	2	4	3	6
24	75	175	7	1	NA	NA	1	2	2	3	5	4	5	5	1	5	5	5	1	5	1	4	8	1	1	1	1	8
23	49	164	7	2	1	16	3	2	3	1	1	1	2	2	5	4	2	1	6	4	5	3	2	7	1	4	5	5
23	52	165	7	2	1	13	1	1	NA	2	1	1	2	4	5	3	3	3	7	3	3	2	6	6	7	7	3	5
20	75	175	7	2	1	15	1	1	NA	2	3	3	5	3	2	2	2	2	3	5	3	2	1	2	2	4	6	6
22	118	179	6	1	NA	NA	1	2	1	1	1	1	3	3	2	4	2	3	3	6	3	3	6	3	3	3	3	6
21	60	167	7	2	1	11	1	2	3	1	1	1	5	4	2	4	2	2	6	4	3	2	6	7	2	7	4	7
20	61	168	6	2	2	14	4	2	3	1	1	1	3	2	2	2	1	2	2	4	4	2	2	1	3	6	3	6
20	85	168	5	2	1	11	2	2	3	3	4	4	5	4	2	3	3	2	2	5	6	2	1	4	1	4	5	4
30	60	164	8	2	1	13	1	1	NA	2	1	1	4	4	3	2	1	1	6	6	2	3	6	3	5	6	4	5
26	60	170	7	2	1	16	1	1	NA	2	1	2	2	2	3	2	2	1	6	4	4	3	5	5	3	6	2	7
18	53	158	6	2	1	13	1	2	1	3	1	1	3	2	2	3	1	2	7	2	2	2	7	3	6	7	3	7
25	50	165	4	2	2	15	1	2	3	1	2	3	4	4	2	2	2	1	6	2	2	5	2	3	4	5	4	5
19	66	178	7	2	NA	14	1	2	1	1	1	1	4	3	4	2	1	1	5	6	5	6	3	4	4	4	3	6
19	62	165	5	2	1	12	1	2	2	3	3	3	5	5	1	3	3	2	6	4	3	3	4	4	5	5	3	5
19	48	169	6	2	2	15	3	2	1	1	1	1	5	3	4	2	2	2	5	7	7	6	3	3	3	3	3	6
20	62	167	7	2	1	12	1	2	1	1	1	1	4	1	3	3	2	2	6	4	4	3	4	5	5	6	5	6
21	80	180	6	1	NA	NA	1	2	3	1	2	1	2	3	3	2	2	2	3	6	5	2	2	5	7	5	6	4
21	72	174	7	2	1	14	1	1	NA	2	1	1	2	2	4	2	2	2	2	3	3	3	3	4	6	5	5	7
18	62	171	8	2	1	13	1	1	NA	2	1	1	4	3	2	5	3	2	6	3	5	3	2	2	4	2	1	7
23	64	162	7	2	1	12	1	1	NA	2	5	5	5	4	1	3	2	2	7	4	2	5	4	6	5	6	4	6
19	70	165	6	2	1	16	1	2	1	1	1	1	1	1	4	2	1	1	5	4	4	2	4	6	3	7	3	7
20	54	158	5	2	1	15	1	1	NA	2	1	1	1	1	5	2	2	2	3	3	4	5	4	5	2	5	5	6
25	76	155	4	2	1	11	4	2	3	1	1	1	4	1	4	2	2	3	4	7	3	2	4	6	6	7	3	2
23	52	156	7	2	1	12	1	1	NA	2	1	1	3	1	3	2	2	1	6	2	2	2	4	5	4	6	3	6
18	75	185	8	1	NA	NA	1	1	NA	3	2	3	5	5	1	4	4	4	3	6	6	6	6	3	2	4	4	5
20	57	170	7	2	1	12	1	1	NA	2	1	1	4	4	3	3	2	2	4	4	3	2	3	4	7	7	2	5
18	66	160	4	2	2	13	1	2	3	1	1	1	1	1	5	2	2	1	4	5	5	3	4	4	4	5	4	5
24	60	180	8	2	1	16	1	2	2	4	5	5	5	3	1	3	3	1	5	4	4	4	4	5	4	5	4	5
23	70	169	7	2	1	13	1	2	2	2	3	2	5	4	2	2	2	2	6	4	3	3	3	4	3	6	3	5
24	72	179	6	1	NA	NA	1	2	2	2	1	2	4	4	2	3	3	1	3	5	4	6	6	2	2	8	3	6
28	72	174	6	2	1	11	1	1	NA	2	1	1	4	1	4	2	3	2	6	3	3	2	4	5	4	6	4	2
22	66	175	7	2	1	13	1	1	NA	2	2	2	3	4	2	4	2	3	7	7	2	4	4	7	5	5	5	6
26	55	162	7	2	1	13	1	1	NA	2	3	3	3	1	2	2	2	1	6	5	2	3	5	7	4	6	3	5
46	59	154	7	2	1	14	1	1	NA	2	4	3	4	4	3	3	2	3	7	4	2	7	7	7	7	7	2	7
29	56	166	6	2	1	14	1	1	NA	3	5	5	4	4	1	3	2	2	7	2	2	2	5	5	6	5	4	3
24	85	180	2	1	NA	NA	1	2	3	1	1	1	5	5	1	2	4	4	5	4	3	4	4	6	3	5	4	6
23	56	160	7	2	1	11	1	2	1	2	1	2	5	2	3	4	3	3	3	3	2	2	6	6	6	5	4	4
37	95	189	6	1	NA	NA	3	1	NA	2	5	5	4	5	2	3	3	3	8	4	4	1	4	5	1	5	5	1
26	64	174	6	2	2	13	1	1	NA	2	1	1	1	1	5	1	1	1	4	4	4	4	4	5	5	5	4	5
32	75	187	7	1	NA	NA	1	2	2	2	3	4	4	3	1	4	3	3	3	3	4	5	7	5	3	4	3	5
22	100	193	7	1	NA	NA	1	1	NA	4	5	5	5	4	1	4	3	3	3	6	3	5	7	2	2	2	3	4
19	61	173	7	2	1	14	1	2	1	1	1	1	1	1	4	1	1	1	4	5	4	3	2	2	2	3	3	7
47	81	168	6	2	2	14	1	1	NA	2	1	1	3	1	5	2	1	2	2	7	5	2	4	5	7	6	2	4
43	103	164	3	2	1	11	1	2	1	1	3	2	2	1	5	1	1	1	5	3	3	3	4	3	2	4	4	5
21	62	159	7	2	1	14	1	1	NA	2	1	2	3	2	4	2	2	2	6	7	2	3	3	3	3	5	3	5
23	62	167	8	2	1	13	4	1	NA	2	2	3	2	1	3	4	2	4	8	4	4	4	5	7	7	5	4	3
22	80	165	6	2	1	12	1	2	1	1	1	1	2	1	4	3	2	2	4	4	2	2	4	4	4	5	3	5
22	55	160	6	2	2	13	1	2	1	2	2	1	4	2	3	3	2	3	3	5	2	6	4	5	3	4	4	5
19	66	178	7	2	1	12	1	1	NA	2	1	1	3	1	4	2	1	1	4	4	3	3	2	2	4	6	3	4
22	58	162	9	2	1	13	1	2	1	2	4	5	3	4	2	4	4	5	4	5	4	5	4	5	6	4	4	5
20	72	170	6	2	2	13	1	2	1	1	1	1	2	1	5	3	1	1	3	2	2	4	2	3	5	6	3	7
21	55	166	6	2	2	12	2	2	3	1	1	1	4	2	2	4	2	2	5	5	4	5	3	3	3	3	4	6
29	67	176	8	2	2	13	1	1	NA	2	1	1	4	2	2	2	2	1	4	2	3	2	4	5	6	6	3	3
37	83	161	2	2	2	12	1	1	NA	2	3	3	2	1	4	2	1	1	3	6	5	5	6	3	3	6	4	5
47	65	167	8	2	2	11	1	1	NA	2	3	3	5	4	3	4	2	3	3	4	3	4	4	4	6	5	4	6
21	57	176	7	2	1	14	1	1	NA	2	4	4	5	4	1	3	3	3	5	2	4	2	3	6	6	6	3	5
25	65	163	6	2	2	10	2	1	NA	2	3	3	2	3	3	2	2	2	5	4	4	3	3	6	4	5	4	6
19	73	187	7	1	NA	NA	1	2	1	2	4	4	2	1	3	4	4	4	3	3	5	2	3	4	3	6	2	5
34	53.5	165	8	2	2	16	1	1	NA	2	2	3	5	5	2	3	2	1	5	7	3	3	6	4	7	6	5	5
23	69	176	7	2	1	11	1	2	1	3	3	3	5	3	2	4	3	3	5	2	2	2	7	4	6	7	3	6
20	68	178	6	2	2	12	1	2	1	1	1	1	5	3	3	1	1	3	1	8	4	5	1	5	4	8	1	5
23	62	167	4	2	1	17	1	1	NA	2	1	1	1	1	5	1	1	1	2	3	6	6	3	2	4	2	3	7
26	63	169	8	2	1	15	1	1	NA	3	4	4	2	2	2	2	2	1	2	4	4	2	6	4	6	7	3	4
26	73	194	7	1	NA	NA	1	2	1	1	2	2	4	2	2	5	4	4	4	4	4	4	2	6	6	7	7	3
20	65	170	7	1	NA	NA	1	1	NA	3	3	3	4	4	2	4	4	1	3	3	3	5	5	4	4	5	4	5
35	62	173	7	2	1	12	1	1	NA	3	5	5	5	4	1	4	4	3	6	3	6	3	3	5	5	6	4	5
20	55	168	6	2	NA	11	1	2	1	1	1	1	4	2	3	4	3	4	5	3	3	2	6	7	6	7	2	4
22	65	172	7	2	1	13	1	1	NA	2	2	1	5	5	2	1	1	1	2	5	3	4	3	3	2	4	3	5
23	88	183	8	1	NA	NA	1	2	2	4	3	3	4	4	2	5	5	5	3	2	4	3	6	3	3	4	5	2
22	84	188	7	1	NA	NA	4	1	NA	3	1	3	4	4	2	5	4	2	5	6	2	6	7	3	2	7	6	6
22	48	168	3	2	2	14	3	2	1	1	1	1	1	1	5	3	1	1	2	6	6	2	2	4	1	2	4	6
20	70	174	3	2	2	12	1	1	NA	2	3	3	4	2	4	1	1	1	7	2	5	3	5	7	3	5	4	7
21	69	172	6	2	1	14	1	1	NA	2	2	1	1	3	4	2	2	1	5	4	3	4	2	5	5	5	4	5
20	62	165	5	2	1	14	1	1	NA	2	1	1	2	1	3	2	1	1	7	2	5	6	4	6	3	5	4	5
20	71	185	7	2	1	13	1	1	NA	2	2	2	4	3	2	3	3	3	5	7	5	6	3	3	3	3	6	6
21	72	179	7	2	2	14	1	2	3	1	1	1	4	2	2	4	4	3	6	7	2	2	2	4	2	6	2	6
24	75	166	6	2	1	11	1	1	NA	2	4	3	2	3	3	2	2	1	2	7	1	1	3	7	7	8	1	1
24	53	163	7	2	1	13	1	1	NA	2	1	1	3	2	3	3	1	1	6	4	4	5	3	5	3	6	4	3
19	60	168	4	2	1	13	1	2	1	1	1	1	4	2	3	3	2	3	5	3	6	2	5	6	7	7	6	3
20	94	175	5	1	NA	NA	1	2	3	1	1	1	5	1	3	2	2	4	3	4	5	4	6	4	3	5	3	5
20	75	180	7	1	NA	NA	1	2	2	3	2	2	4	3	2	4	2	4	5	5	6	3	3	5	3	5	5	3
18	68	184	7	1	NA	NA	1	2	2	1	1	1	4	3	2	4	4	2	4	6	3	5	3	3	3	6	3	2
23	77	185	7	1	NA	NA	1	1	NA	2	1	1	4	2	3	3	3	3	4	5	4	5	5	4	4	5	4	5
23	80	190	7	1	NA	NA	1	2	2	3	4	5	5	4	2	5	4	4	3	4	5	6	6	2	1	4	3	7
21	55	180	7	2	1	13	1	2	3	1	1	1	3	4	3	4	2	3	5	4	6	3	5	5	3	6	5	6
20	64	180	8	1	NA	NA	3	2	1	2	1	1	5	2	3	4	2	3	6	3	4	4	3	5	6	6	2	3
26	83	192	7	1	NA	NA	1	1	NA	2	4	3	2	5	1	5	5	5	4	5	5	6	6	3	3	5	4	6
25	85	190	8	1	NA	NA	1	1	NA	2	1	2	5	3	3	5	4	4	2	4	4	5	5	5	6	5	5	4
24	61	175	7	1	NA	NA	1	2	1	1	1	2	3	2	2	2	2	2	7	1	5	2	7	6	6	7	7	4
19	47	164	5	2	1	13	1	1	NA	3	1	1	4	2	2	1	1	2	6	5	6	5	4	2	6	6	4	7
21	80	170	3	2	1	12	1	2	1	1	1	1	4	3	3	5	2	1	2	2	4	1	4	7	7	7	2	3
18	75	172	7	2	2	11	4	2	3	1	1	1	3	1	5	1	1	1	3	4	3	3	5	4	1	5	3	3
21	58	165	7	2	1	12	1	2	1	3	3	3	4	3	2	4	3	2	5	4	4	4	4	5	5	5	4	5
19	73	183	7	1	NA	NA	1	1	NA	2	1	1	3	4	2	2	1	1	3	5	5	5	7	3	3	6	4	6
23	63	177	8	1	NA	NA	1	1	NA	2	3	3	5	5	1	3	3	3	1	3	4	4	5	4	2	6	4	5
23	67	163	7	2	2	13	1	1	NA	2	1	1	1	1	5	1	1	1	3	5	6	3	2	1	7	5	5	8
18	61	175	6	1	NA	NA	1	1	NA	2	2	1	4	4	3	1	1	2	2	2	6	7	2	2	8	5	3	6
21	70	164	6	2	2	19	1	2	1	3	2	2	5	3	2	3	3	1	6	2	3	5	5	3	2	3	3	7
27	75	178	7	2	1	14	1	1	NA	2	1	1	5	3	2	2	1	1	5	3	2	4	3	8	5	7	4	4
20	60	160	7	2	1	13	1	1	NA	3	3	1	2	2	2	2	2	2	3	3	3	3	3	6	5	6	6	5
25	61	165	7	2	1	11	1	1	NA	2	1	1	4	2	5	2	2	1	4	5	4	4	3	4	4	4	4	5
20	60	168	5	2	1	12	1	1	NA	2	3	1	2	1	4	2	2	1	6	3	4	3	5	6	4	3	3	6
20	70	167	6	2	1	16	2	2	1	1	1	1	4	2	3	4	2	4	6	4	4	5	3	3	2	3	4	6
37	90	190	8	1	NA	NA	1	1	NA	2	3	3	5	4	1	4	3	4	3	4	5	6	7	2	2	3	3	5
24	56	164	6	2	1	13	1	1	NA	2	1	2	4	1	1	2	2	2	5	1	1	4	5	5	6	6	2	3
21	66	177	6	2	2	13	1	2	1	2	2	3	2	2	2	4	1	1	5	6	3	2	2	4	3	2	2	7
21	63	172	6	1	NA	NA	2	1	NA	2	3	3	5	4	3	4	2	2	7	2	1	1	7	8	5	5	4	2
29	60	170	7	2	1	15	1	1	NA	2	5	3	5	4	2	3	3	2	4	4	4	4	5	4	6	5	4	5
19	48	165	7	2	1	13	1	1	NA	2	1	3	4	4	3	3	2	2	3	4	4	3	5	5	3	6	4	3
20	0	164	7	2	1	15	1	1	NA	2	1	1	3	2	4	1	1	1	3	6	6	6	3	5	3	3	3	4
18	80	181	6	2	1	12	1	1	NA	2	1	1	1	2	4	2	2	2	6	3	4	2	7	7	4	3	4	5
26	73	186	8	2	2	16	1	1	NA	4	2	3	4	4	1	2	2	1	6	4	4	3	4	3	5	6	3	6
18	63	175	6	1	NA	NA	1	2	2	2	2	2	5	5	2	3	2	3	3	3	3	5	5	4	6	6	3	6
20	65	170	8	2	1	13	1	1	NA	3	4	4	5	4	2	2	3	2	6	2	1	7	4	1	1	2	7	7
20	63	167	8	2	2	13	1	2	3	1	1	1	4	2	3	2	1	1	7	1	1	5	1	4	5	8	2	7
25	74.5	180	5	1	NA	NA	1	2	1	1	2	2	3	1	5	5	2	1	2	5	5	7	7	4	1	3	3	7
24	54	168	8	2	1	14	1	1	NA	2	1	1	3	1	4	2	3	2	6	4	4	4	4	5	3	3	3	6
24	70	170	5	2	1	13	1	1	NA	2	1	1	2	1	3	1	2	1	3	2	3	2	3	2	3	5	3	5
21	65	169	8	2	1	13	1	1	NA	3	1	2	4	4	4	4	3	2	6	2	3	3	6	6	6	6	3	2
24	83	183	7	1	NA	NA	1	1	NA	3	3	2	4	4	1	4	3	3	4	2	3	3	5	2	3	5	3	5
36	98	163	7	2	2	11	1	1	NA	2	2	1	1	1	5	1	1	2	1	8	8	8	1	1	1	1	8	8
31	73	163	8	2	1	11	2	1	NA	2	1	1	1	1	2	2	2	1	3	6	6	2	5	4	4	4	5	4
19	65	169	7	2	1	13	1	1	NA	1	1	1	1	2	5	3	1	1	6	3	6	2	5	6	6	5	2	1
21	75	170	5	2	1	12	2	1	NA	2	2	2	1	3	2	3	3	3	8	1	1	1	8	1	8	8	1	7
28	67.5	170	8	2	1	13	1	1	NA	2	4	4	5	5	1	2	2	1	5	4	2	3	5	4	5	6	3	5
20	79	191	7	1	NA	NA	1	1	NA	2	1	1	4	3	2	4	2	3	2	2	7	7	2	2	2	4	3	6
30	62	164	6	2	1	14	1	1	NA	2	3	2	4	5	3	3	3	2	7	3	1	1	7	2	6	5	3	5
23	60	161	7	2	1	12	1	1	NA	2	2	3	4	3	2	3	2	2	6	2	1	4	4	4	3	6	3	4
25	55	155	4	2	1	11	1	2	1	1	1	1	3	2	4	3	3	2	6	4	5	4	3	4	4	6	3	6
18	55	160	6	1	NA	NA	1	2	2	2	2	2	3	4	2	5	3	3	4	5	2	2	3	3	2	6	7	5
19	67	179	6	1	NA	NA	1	1	NA	2	3	1	2	3	3	3	2	1	4	3	6	6	7	2	2	6	4	5
19	68	158	6	2	1	14	2	2	2	4	4	4	4	4	1	4	4	4	4	3	3	5	4	2	3	4	6	6
23	69	176	8	2	1	12	1	2	1	3	3	1	3	1	2	2	3	1	7	2	3	3	2	2	6	2	4	6
20	76	198	7	1	NA	NA	1	2	1	3	2	3	4	4	2	3	3	2	4	2	4	5	8	2	1	6	3	5
22	64	168	6	2	1	14	1	2	1	2	1	1	5	2	2	4	2	2	4	2	3	2	4	5	5	5	2	7
19	63	173	6	2	1	14	1	1	NA	2	1	1	5	4	2	3	4	2	3	3	2	2	4	3	3	5	2	5
21	69	173	6	1	NA	NA	1	1	NA	1	1	1	3	2	3	3	3	3	2	3	3	5	6	4	3	6	4	6
23	48	164	8	2	1	17	1	1	NA	2	1	2	5	2	2	3	3	1	3	5	4	4	3	3	3	4	4	5
19	72	169	3	2	1	11	1	2	1	1	1	1	2	1	3	2	2	2	2	3	1	4	4	3	4	7	2	5
20	65	176	7	1	NA	NA	1	1	NA	3	3	2	5	4	1	4	2	2	3	3	3	3	2	2	7	6	7	2
19	74	171	7	2	2	14	1	2	1	1	1	1	3	2	4	4	1	2	4	5	4	6	6	5	4	4	3	6
21	60	172	7	2	2	12	3	2	2	1	4	4	5	5	1	5	3	4	5	3	3	3	2	6	5	6	3	3
21	60	163	6	2	1	12	1	1	NA	2	5	3	3	2	4	2	2	1	5	4	4	4	4	5	5	4	4	1
19	73	185	8	1	NA	NA	3	2	3	1	1	1	4	4	2	3	2	2	3	3	4	3	3	5	6	3	6	3
19	120	180	4	2	1	14	2	2	2	2	2	1	5	4	1	3	3	2	4	1	1	8	8	8	4	8	3	8
18	75	175	6	1	NA	NA	4	2	1	1	1	1	2	2	2	3	2	2	3	4	5	3	5	6	5	4	4	5
20	64	176	7	1	NA	NA	1	2	2	4	4	5	5	5	1	4	4	4	4	4	4	5	5	3	3	5	3	6
19	51	152	7	2	1	13	1	1	NA	2	1	1	5	1	5	2	1	1	5	6	4	4	3	3	3	3	4	5
28	63	174	6	2	1	14	1	1	NA	2	1	1	3	2	4	3	2	2	6	4	4	3	5	3	5	3	3	5
19	75	187	8	1	NA	NA	1	2	2	1	1	1	5	3	1	4	4	2	6	2	6	8	5	3	2	8	2	5
21	62	170	7	1	NA	NA	1	1	NA	2	1	1	5	3	2	2	2	2	4	3	5	4	4	4	3	5	4	5
22	60	176	7	2	1	13	1	1	NA	2	1	3	2	2	2	2	3	2	4	5	4	3	3	2	3	5	2	5
23	75	178	7	2	2	14	1	1	NA	2	1	1	4	2	4	3	2	3	4	3	4	2	5	5	3	3	6	6
25	58	168	7	2	2	12	1	1	NA	2	3	3	3	3	2	2	2	2	4	4	4	5	5	4	4	5	4	5
36	76	182	7	1	NA	NA	1	1	NA	2	1	2	4	4	1	4	2	3	1	5	6	7	7	2	1	4	2	6
21	50	160	4	2	2	12	4	2	3	1	1	1	4	1	3	1	1	1	6	3	3	3	5	6	7	7	4	5
25	67	168	7	2	1	13	1	1	NA	2	3	1	3	1	3	1	1	1	3	6	2	3	2	2	7	6	4	6
34	60	171	7	2	1	12	1	1	NA	2	1	3	2	3	1	3	2	3	5	6	4	5	5	4	4	6	3	7
19	57	165	8	2	1	16	1	1	NA	2	3	2	2	3	4	2	1	2	8	1	1	1	1	8	1	8	1	1
19	63	175	7	2	1	12	1	2	1	1	1	1	5	3	3	5	3	2	3	4	5	4	5	6	3	4	4	4
22	54	168	7	2	1	15	1	1	NA	2	1	1	4	3	2	1	1	1	4	5	3	5	4	4	5	5	4	5
20	75	178	7	1	NA	NA	1	1	NA	2	2	2	4	4	2	3	2	2	3	6	4	4	6	2	4	5	6	6
20	53	177	8	1	NA	NA	1	2	1	1	1	1	4	3	3	2	3	2	3	3	6	4	3	6	6	3	6	4
24	70	162	8	2	1	11	1	1	NA	2	3	3	5	4	1	4	3	3	7	1	1	1	6	6	6	5	4	5
20	63	173	6	2	2	12	1	2	1	1	1	1	2	1	4	1	1	1	4	4	5	3	5	3	6	5	4	4
20	80	177	7	1	NA	NA	3	1	NA	3	2	1	2	1	3	2	1	1	4	5	4	5	3	2	4	6	3	2
20	47	174	9	2	1	14	1	1	NA	2	1	1	2	1	5	1	1	1	3	6	6	6	3	3	3	4	2	6
25	65	183	7	1	NA	NA	1	2	2	1	1	1	5	5	2	5	3	3	2	5	5	6	6	1	1	4	2	6
23	68	176	7	2	1	15	1	2	1	2	1	2	5	4	2	5	3	4	7	2	4	3	6	5	7	6	4	6
21	61	173	7	2	2	14	2	2	2	2	3	3	4	4	2	3	3	2	3	5	3	6	6	6	3	4	3	4
23	95	198	5	1	NA	NA	1	1	NA	2	1	2	5	5	1	5	5	5	2	7	7	7	7	3	2	2	2	6
21	55	168	8	2	1	12	1	1	NA	2	1	1	4	1	5	1	1	1	3	2	1	1	4	4	4	3	4	4
23	72	168	5	2	1	12	1	1	NA	2	3	4	5	2	1	2	2	1	2	7	5	4	6	6	2	6	4	6
21	53	168	8	2	1	13	1	1	NA	2	2	2	4	2	4	1	1	1	3	2	2	2	6	6	6	5	4	6
65	102	185	7	1	NA	NA	1	1	NA	2	3	3	4	4	3	3	3	3	7	2	4	4	2	3	3	5	3	5
20	68	171	5	2	1	12	1	1	NA	2	1	1	4	3	4	2	1	1	6	4	4	2	5	4	5	6	3	6
19	66	162	7	2	1	14	1	2	1	1	2	2	5	3	4	4	3	2	4	4	3	3	4	3	6	6	3	6
21	65	161	4	2	1	11	1	1	NA	2	1	1	1	1	5	2	1	1	3	5	4	3	2	2	3	4	3	7
19	75	188	7	1	NA	NA	1	2	1	1	1	1	4	2	3	3	2	2	4	3	6	5	6	7	3	6	7	3
20	55	164	6	1	NA	NA	1	2	3	2	2	1	5	3	4	4	3	2	3	4	5	4	6	5	3	6	6	5
18	67	174	6	2	2	14	1	2	1	1	1	1	3	3	4	3	2	2	5	4	4	3	3	4	3	5	2	5
23	50	163	8	2	1	14	1	2	1	2	2	3	4	2	4	4	3	1	3	3	2	6	2	3	4	5	4	6
21	47	171	7	2	1	13	1	2	3	2	1	1	5	4	2	3	3	2	3	2	2	3	5	3	4	7	3	6
18	82	186	8	1	NA	NA	1	2	1	1	1	1	3	4	3	3	2	2	2	3	3	2	6	4	3	5	3	3
23	80	170	3	1	NA	NA	3	1	NA	2	3	3	4	4	1	5	4	4	3	3	4	7	6	3	2	4	4	5
20	49	172	5	2	1	16	1	1	NA	2	2	1	2	1	4	1	1	1	5	4	5	4	4	4	3	4	4	5
21	65	187	4	1	NA	NA	1	1	NA	2	2	1	4	2	4	1	2	1	3	3	4	5	6	3	4	4	5	5
45	91	174	6	1	NA	NA	3	1	NA	2	5	4	5	5	1	2	2	3	6	4	4	4	4	5	5	5	5	4
19	55	165	6	2	2	15	1	2	1	1	1	1	2	1	5	4	2	2	4	2	3	2	3	3	2	3	4	5
20	64	165	6	2	1	13	1	2	2	2	1	2	4	4	1	3	3	3	4	2	4	3	5	5	4	6	4	4
18	53	166	7	2	1	15	1	1	NA	2	2	1	4	4	2	2	2	2	4	3	4	3	3	6	6	6	4	6
21	74	181	6	1	NA	NA	3	2	2	1	1	1	4	2	3	4	3	4	6	3	3	2	1	7	7	5	6	4
21	50	160	7	2	1	12	1	1	NA	2	1	1	2	1	3	1	1	1	7	1	6	1	4	6	7	6	4	2
19	46	158	5	2	1	13	1	2	3	1	1	1	3	3	3	4	2	4	4	6	4	4	4	4	3	5	4	4
24	65	197	6	1	NA	NA	1	1	NA	2	3	3	5	5	2	2	2	2	3	6	7	4	6	3	2	3	2	5
17	65	185	7	1	NA	NA	3	2	1	1	1	1	4	3	1	3	4	2	6	4	3	3	2	6	7	5	5	3
18	52	160	5	2	2	13	1	1	NA	2	1	1	3	2	5	1	1	1	5	4	4	4	5	5	5	4	5	4
39	70	158	3	2	1	11	1	1	NA	2	1	1	2	1	3	3	2	1	2	2	2	7	2	1	1	8	5	8
21	48	160	7	2	2	14	3	2	3	1	1	1	4	2	2	1	1	1	8	1	1	1	8	8	8	8	1	8
24	68	178	7	1	NA	NA	1	2	1	2	2	2	1	1	4	2	2	1	7	2	2	4	2	7	7	6	7	2
23	56	172	5	2	1	11	1	2	2	3	5	5	5	5	2	3	3	2	2	2	4	2	2	5	2	6	2	2
19	53	176	7	2	1	14	1	1	NA	2	2	1	3	2	2	2	2	1	4	4	4	8	5	1	5	4	4	8
19	54	167	7	2	1	12	1	1	NA	4	2	4	4	2	3	2	1	1	5	3	2	3	3	5	5	5	2	6
31	70	178	8	2	1	11	1	1	NA	2	2	2	5	5	2	2	2	2	1	5	1	1	6	5	8	5	4	5
21	65	174	7	1	NA	NA	1	1	NA	2	1	1	2	3	3	3	1	2	1	1	7	7	8	1	2	2	1	8
21	51	157	7	2	1	14	1	1	NA	3	3	1	4	3	2	2	1	1	5	4	2	2	2	5	7	7	8	8
25	52	168	6	2	1	11	1	2	3	1	1	1	5	2	5	3	2	2	3	5	4	3	4	5	3	5	4	5
21	57	161	6	2	1	11	2	2	3	2	3	3	5	5	1	2	2	3	5	4	6	7	4	5	4	5	3	5
26	65	155	3	2	1	11	1	2	1	1	1	1	2	2	4	3	2	2	6	2	2	2	4	5	6	5	4	7
27	78	194	7	1	NA	NA	1	1	NA	2	1	1	1	1	5	1	1	1	1	1	1	6	7	5	2	5	2	6
20	60	170	8	2	1	12	1	1	NA	2	1	1	4	2	4	2	2	1	6	4	3	2	4	3	5	6	3	6
22	55	168	7	2	1	14	1	1	NA	2	3	3	5	4	1	2	2	1	1	3	2	1	4	5	7	8	1	6
24	60	175	7	2	1	13	2	1	NA	3	2	2	4	2	2	2	2	2	3	7	3	3	3	2	7	5	2	7
22	77	150	5	2	1	12	1	2	3	1	1	1	4	2	4	1	1	1	3	5	4	3	4	3	5	3	3	5
35	85	188	8	1	NA	NA	1	1	NA	2	3	3	4	4	1	2	2	1	2	6	4	7	5	1	2	5	6	6
18	78	184	7	1	NA	NA	1	2	3	2	1	1	2	4	2	4	2	1	4	5	3	3	5	5	6	4	6	2
24	65	176.5	7	1	NA	NA	1	2	1	1	1	1	4	2	4	5	2	5	4	7	3	6	4	5	4	3	4	6
21	95	201	8	1	NA	NA	1	1	NA	2	3	3	4	3	3	2	1	1	2	1	2	5	1	3	7	6	7	4
47	82	183	7	1	NA	NA	1	1	NA	2	3	3	5	5	1	4	2	2	4	4	4	3	5	4	3	4	4	4
20	62	173	7	1	NA	NA	1	1	NA	2	3	1	2	2	1	3	3	2	3	2	6	4	6	4	2	6	5	6
26	66	178	4	2	2	13	1	2	1	1	1	1	3	3	4	5	3	2	7	4	4	2	5	2	6	6	4	7
25	73	175	5	2	1	11	1	1	NA	1	3	4	3	4	2	2	2	2	3	3	4	4	6	6	3	5	3	5
18	59	167	7	2	1	12	1	1	NA	2	1	1	2	2	4	2	1	1	5	5	6	5	3	3	3	2	2	5
25	73	168	6	2	1	14	1	2	1	2	1	2	3	1	2	3	2	1	6	4	5	3	5	6	5	7	3	7
22	63	165	6	2	1	13	1	2	1	1	1	1	3	3	5	1	2	2	5	3	4	4	4	6	4	6	3	3
21	66	169	6	2	1	13	1	1	NA	3	2	3	5	4	2	2	2	2	2	1	2	2	6	1	4	7	3	7
24	80	191	6	2	2	16	1	2	1	1	1	1	3	4	4	3	2	2	5	4	3	3	4	4	3	6	3	5
20	67	171	4	1	NA	NA	2	2	1	1	1	1	4	4	2	4	2	2	4	5	4	3	5	5	4	6	3	6
28	65	163	4	2	2	11	1	2	1	1	1	1	2	2	3	4	4	3	4	2	1	3	5	5	4	4	2	4
23	79	179	7	1	NA	NA	1	2	1	1	1	1	2	2	2	4	4	1	1	4	4	1	8	1	1	8	8	8
22	78	171	3	2	1	14	1	1	NA	2	1	1	4	2	3	1	2	2	6	2	3	6	3	2	3	6	3	6
19	57	174	8	1	NA	NA	1	2	1	1	1	2	4	5	1	5	4	5	7	2	8	7	7	1	1	8	1	8
19	51	159	7	2	1	14	1	2	2	3	5	4	5	5	3	4	4	5	4	1	1	1	1	1	8	8	1	1
19	54	160	6	2	1	13	1	2	1	2	1	1	2	3	2	2	3	2	5	4	4	4	4	5	6	5	4	5
26	65	165	8	2	2	12	1	1	NA	2	1	1	5	4	2	2	1	1	5	4	6	3	5	4	2	5	3	6
19	56	166	3	2	1	13	2	1	NA	2	1	1	4	3	3	3	1	3	2	5	6	2	2	3	5	4	3	6
20	64	171	6	2	1	11	1	1	NA	3	1	1	2	2	5	3	2	2	4	5	3	3	4	6	6	6	3	5
34	78.3	179	8	2	1	14	1	2	1	3	1	3	2	2	3	3	3	1	3	2	2	3	8	3	8	3	3	8
24	59	168	7	2	1	16	1	1	NA	2	2	2	4	4	3	3	2	1	4	4	3	2	1	4	4	5	3	7
21	60	163	6	2	1	13	1	1	NA	2	2	1	2	1	4	2	1	1	3	6	4	5	4	7	5	2	4	6
24	51	163	7	2	1	14	1	1	NA	2	1	1	3	1	4	2	1	1	7	2	1	7	1	1	5	7	1	7
62	81	165	7	2	2	11	1	1	NA	2	3	2	3	2	2	3	2	2	3	4	3	3	5	4	3	6	3	7
24	65	173	6	2	1	14	1	1	NA	2	3	2	5	4	2	4	2	3	2	5	3	6	3	5	6	3	3	6
26	72	173	8	2	1	15	1	1	NA	2	2	1	4	4	2	3	3	1	6	3	2	2	7	7	7	6	3	1
24	53	158	6	2	1	12	1	1	NA	2	1	1	4	1	4	2	2	1	4	7	5	2	4	3	3	5	4	3
22	69	166	6	2	1	12	1	1	NA	2	1	1	5	1	5	1	1	1	5	2	1	3	5	6	3	8	1	8
21	62	172	9	1	NA	NA	1	2	1	1	1	1	3	3	2	4	3	3	4	3	2	2	4	2	4	7	2	7
20	63	181	7	1	NA	NA	1	2	1	3	1	1	5	5	2	5	3	3	2	2	1	1	8	1	1	5	2	5
37	65	182	6	1	NA	NA	3	1	NA	4	5	5	5	5	1	4	4	5	6	4	4	3	5	3	6	7	5	3
24	72	187	6	1	NA	NA	1	2	3	1	1	1	4	3	3	3	3	3	2	3	4	3	2	6	6	6	2	3
19	64	168	5	2	2	14	1	2	1	1	1	1	3	2	5	3	3	2	5	4	4	4	5	3	4	5	3	4
23	75	178	5	2	1	13	2	1	NA	4	5	5	5	5	1	2	3	2	8	1	1	1	8	1	8	8	1	8
22	78	176	4	2	2	14	2	1	NA	3	4	4	5	4	1	3	2	1	6	2	3	4	6	6	3	6	3	6
22	65	173	6	1	NA	NA	1	2	1	2	2	1	2	2	4	5	3	2	2	5	3	5	6	2	2	3	2	6
22	50	175	3	1	NA	NA	1	2	3	1	1	1	4	2	3	2	2	2	4	3	4	4	4	4	5	5	5	4
25	75	177	7	2	1	13	1	2	3	2	3	2	4	4	2	5	3	4	4	4	2	2	6	6	7	7	3	4
19	70	170	7	2	2	14	1	2	1	1	1	1	1	1	5	1	1	1	5	1	4	1	3	6	3	6	2	7
22	80	180	7	2	1	11	1	1	NA	2	1	1	2	1	4	2	2	1	5	4	4	3	5	4	6	7	4	4
22	58	171	8	2	1	12	1	1	NA	3	1	1	4	2	2	3	3	2	5	3	2	2	4	5	6	6	4	5
21	125	199	6	1	NA	NA	1	1	NA	2	1	1	3	3	2	3	2	2	3	4	4	4	5	4	3	6	5	5
19	55	167	7	2	1	11	1	1	NA	2	1	3	3	1	2	5	2	3	4	4	4	4	4	5	6	5	4	3
23	72	182	6	1	NA	NA	1	2	1	1	1	1	4	4	2	3	2	2	3	6	3	3	3	6	3	6	6	6
18	80	176	6	1	NA	NA	1	2	1	1	1	1	2	2	3	5	3	2	5	4	3	4	5	6	4	5	6	5
21	69.7	183	7	1	NA	NA	1	2	1	2	2	2	2	3	2	4	4	2	4	3	5	5	6	3	3	7	5	8
21	104	194	4	1	NA	NA	1	2	1	1	1	1	5	2	4	3	4	2	4	2	2	4	7	5	2	3	7	3
22	52	168	7	2	1	13	3	2	3	2	1	1	5	2	4	2	2	3	5	5	4	3	5	5	4	6	4	3
23	60	168	8	2	1	12	1	1	NA	3	3	3	5	5	1	3	3	2	2	5	3	2	2	4	2	7	3	6
25	69	170	6	2	1	15	1	1	NA	2	3	3	5	5	2	2	2	1	6	4	3	4	5	4	4	5	4	6
24	90	175	6	1	NA	NA	1	2	2	1	4	3	5	4	1	4	3	3	2	6	5	5	6	2	3	5	3	5
27	68	179	8	1	NA	NA	3	1	NA	4	5	5	5	5	1	3	2	4	6	3	4	4	3	5	6	4	5	3
30	85	193	7	1	NA	NA	1	1	NA	2	1	1	4	3	2	3	2	2	3	3	3	3	4	5	3	6	3	5
20	69	169	7	2	1	14	1	1	NA	2	1	1	3	2	2	1	2	1	3	4	4	2	5	7	1	8	1	8
21	74	187	8	1	NA	NA	1	1	NA	2	2	1	4	4	2	2	2	2	2	5	7	7	3	1	8	2	6	1
20	57	173	7	2	1	12	1	1	NA	2	1	1	3	1	5	1	2	2	2	1	1	7	1	1	1	8	1	8
53	119	190	2	1	NA	NA	1	1	NA	2	1	1	2	3	3	3	2	2	3	5	4	5	6	5	3	5	6	6
26	70	173	7	2	1	11	1	1	NA	2	1	1	5	1	2	3	2	2	4	3	3	3	3	6	7	7	4	7
18	70	158	4	2	1	11	3	2	1	1	1	1	4	1	4	2	1	1	2	2	4	2	6	6	2	5	3	4
22	50	167	8	2	1	13	1	1	NA	2	4	4	5	3	4	4	3	5	2	3	3	1	2	4	6	7	4	7
18	55	170	7	1	NA	NA	1	2	1	1	1	1	3	3	2	1	1	1	3	6	4	5	4	5	3	5	7	4
23	66	172	7	2	1	13	2	2	1	1	1	2	4	4	2	3	2	2	2	4	4	3	7	6	1	5	2	4
31	110	176	6	1	NA	NA	3	1	NA	1	5	5	5	5	1	2	2	1	7	1	3	1	1	5	8	6	8	3
20	59	173	7	2	1	11	2	2	3	1	3	3	4	4	2	3	2	2	5	4	6	3	4	4	6	4	3	5
18	79	183	5	1	NA	NA	1	2	1	1	1	1	4	3	2	4	3	4	4	5	4	3	3	3	2	5	3	5
23	72	163	4	2	2	11	4	1	NA	2	1	1	2	1	5	3	2	4	5	5	3	3	3	5	7	5	4	3
23	71	172	7	1	NA	NA	1	2	1	4	5	5	4	3	1	4	4	2	4	2	4	4	4	5	2	6	5	5
20	83	183	6	2	1	12	1	2	3	1	1	1	3	1	3	3	2	2	4	4	4	3	4	4	5	3	4	5
19	50	164	7	2	1	14	1	1	NA	3	1	1	5	2	5	2	1	1	5	5	5	4	4	5	4	4	4	5
29	55	170	8	2	2	13	1	1	NA	3	3	3	2	2	2	2	2	2	5	2	2	2	3	4	4	5	2	5
18	64	165	7	2	1	15	1	2	1	1	1	1	3	3	4	4	4	2	4	8	6	2	3	1	1	2	1	7
54	145	182	5	1	NA	NA	3	2	1	1	5	4	2	2	4	3	3	2	4	4	4	4	4	4	4	4	4	4
20	72	178	4	2	1	14	1	1	NA	2	2	1	5	3	2	3	2	2	3	5	3	2	3	7	4	5	2	3
21	60	170	7	2	1	12	1	2	1	2	2	3	2	2	5	4	3	3	7	3	2	4	5	7	7	7	4	5
22	58	170	7	2	1	12	1	2	1	3	2	1	3	2	2	2	2	2	6	2	2	2	4	4	3	1	3	6
22	62	178	5	2	1	12	1	1	NA	3	1	1	3	1	4	1	1	1	6	3	3	3	6	6	6	6	3	6
39	53	163	6	2	2	16	1	2	1	2	5	4	4	3	1	4	2	3	6	4	4	3	4	4	5	5	4	5
19	84	188	7	1	NA	NA	1	1	NA	2	1	1	4	4	2	3	3	3	3	3	3	6	6	3	3	3	4	5
22	68	164	7	2	1	13	1	1	NA	2	2	1	1	4	3	1	1	2	3	6	4	5	4	4	3	4	5	5
41	84	180	8	1	NA	NA	1	1	NA	2	5	5	4	4	1	2	5	4	4	4	4	4	5	6	6	5	6	2
30	71	176	7	1	NA	NA	1	1	NA	2	3	1	3	2	2	3	3	2	2	2	2	6	5	3	3	6	3	5
22	53	173	8	2	1	13	1	1	NA	2	1	1	3	2	3	3	1	1	7	6	6	6	3	3	4	3	2	3
21	59	178	8	1	NA	NA	1	2	1	1	1	1	4	4	2	4	3	3	4	3	3	6	5	3	5	6	7	4
19	72	189	6	1	NA	NA	2	2	1	1	1	1	3	3	3	3	2	2	3	3	3	2	5	3	5	6	5	3
22	75	172	6	2	1	12	1	1	NA	2	2	4	4	4	2	2	2	1	8	8	1	1	8	8	8	8	1	1
20	68	183	6	1	NA	NA	1	2	3	1	1	1	4	3	2	2	1	1	3	2	2	2	7	6	4	5	4	5
23	72	189	6	1	NA	NA	1	1	NA	2	1	1	3	2	4	3	3	2	3	3	2	1	2	6	1	4	2	6
25	68	176	7	2	NA	12	1	2	3	1	2	3	4	3	3	1	1	1	6	2	3	2	5	7	7	7	4	4
26	65	178	7	2	1	15	1	1	NA	2	2	3	2	5	2	2	2	1	3	2	3	5	4	3	2	5	4	6
21	51	176	4	1	NA	NA	1	2	1	1	1	1	2	4	3	5	3	3	3	6	4	2	3	8	3	3	3	3
18	48	163	6	2	2	13	1	2	3	1	1	1	1	1	5	1	1	2	4	5	5	6	4	4	3	3	5	5
23	62	170	8	2	2	14	1	2	2	2	1	2	5	3	2	5	4	3	6	4	4	4	5	6	4	5	4	2
20	68	175	7	2	1	14	1	2	1	4	5	5	5	3	1	3	4	4	7	2	4	2	3	7	7	2	3	5
20	49	119	7	2	1	15	1	1	NA	2	1	1	1	2	5	2	1	1	6	3	4	3	2	6	7	5	2	2
26	78	181	6	1	NA	NA	1	2	1	2	3	3	4	4	1	2	2	1	1	3	5	6	6	3	1	1	1	8
40	80	181	5	1	NA	NA	3	2	1	5	5	5	5	5	1	5	4	2	5	5	4	5	4	5	5	6	5	4
28	84	186	6	1	NA	NA	1	1	NA	2	2	1	2	1	2	2	2	2	6	2	2	6	6	8	2	8	4	3
21	96	186	7	1	NA	NA	1	1	NA	2	3	3	5	4	2	5	2	2	3	7	2	2	2	6	6	5	5	3
18	80	192	9	1	NA	NA	1	2	3	1	1	1	5	1	3	5	4	1	4	3	5	5	5	4	4	4	4	6
18	62	178.5	6	1	NA	NA	1	2	3	1	1	1	3	4	3	3	1	2	8	4	5	4	7	4	6	6	6	5
20	72	182	7	2	NA	13	1	2	1	1	1	1	5	3	3	5	4	4	3	2	2	2	4	5	4	2	2	7
21	66	180	5	1	NA	NA	1	1	NA	2	2	1	4	2	2	4	2	4	4	3	4	4	6	3	3	6	3	5
21	60	172	6	2	1	14	1	2	1	2	2	2	3	2	1	4	4	2	2	4	4	4	5	5	5	4	4	5
37	90	194	6	1	NA	NA	1	1	NA	2	5	5	5	4	4	3	2	2	4	2	5	5	6	6	3	6	7	6
23	54	163	7	2	1	11	1	1	NA	2	2	2	4	2	4	2	2	2	2	2	2	4	2	4	4	5	3	5
19	56	165	7	2	1	13	1	1	NA	3	1	2	3	3	3	1	1	1	6	3	3	3	2	3	8	7	2	1
22	48	158	7	2	1	13	1	1	NA	2	1	1	4	4	2	4	2	2	6	2	2	2	3	4	6	6	4	3
32	60	172	3	1	NA	NA	1	1	NA	2	1	2	1	1	5	4	4	4	5	2	2	5	6	5	3	6	3	6
20	60	173	7	1	NA	NA	3	2	2	3	2	3	5	2	2	4	2	1	3	2	2	4	5	3	5	5	6	2
21	70	178	1	1	NA	NA	1	2	3	1	1	1	5	4	2	2	1	3	2	2	3	3	3	4	3	6	3	5
19	57.9	172	4	2	2	14	1	2	1	1	1	1	5	2	5	4	4	2	2	3	2	3	3	3	1	3	3	2
20	75	182	5	1	NA	NA	4	2	3	1	1	1	1	1	5	2	1	1	6	3	2	2	6	6	6	5	6	5
29	76	178	6	2	1	13	1	1	NA	2	2	2	5	4	2	2	2	3	3	5	5	3	4	3	2	6	4	7
30	72	170	7	2	2	15	1	1	NA	2	2	2	4	3	2	4	1	1	6	3	5	2	4	4	3	5	2	5
20	72	168	6	2	2	11	1	2	1	1	1	1	4	2	4	2	3	3	8	2	5	4	3	5	2	6	3	6
23	58	178	8	2	1	16	1	1	NA	2	1	1	4	1	4	2	1	1	5	2	2	2	6	7	4	7	3	3
20	59	169	7	2	1	13	1	1	NA	2	3	3	5	5	1	3	3	3	3	5	4	4	4	4	5	5	4	6
41	60	164	5	2	1	13	1	1	NA	2	2	2	5	5	1	2	1	1	5	2	2	2	6	6	6	6	2	2
25	75	165	6	2	2	15	1	1	NA	2	1	1	2	1	5	1	1	1	6	6	6	6	6	3	3	6	3	6
23	51	167	7	2	2	14	1	2	3	1	1	1	1	1	5	3	1	1	7	2	2	5	3	4	2	5	3	5
21	65	172	6	2	1	11	1	2	1	2	1	1	3	1	5	1	1	1	4	7	2	8	3	7	6	7	4	5
18	60	166	6	2	2	13	1	2	3	1	1	1	1	1	5	1	1	1	4	3	2	2	7	6	3	5	1	6
26	50	160	7	2	2	13	1	2	2	4	4	4	4	4	1	3	4	3	8	8	1	1	8	8	8	8	1	1
19	54	161	3	2	1	13	1	2	1	2	3	3	4	3	2	4	3	2	5	4	4	4	5	5	5	5	4	4
23	59	165	6	2	1	15	1	2	1	3	4	4	4	3	1	4	3	2	3	2	3	4	3	4	3	6	4	6
24	67	183	7	1	NA	NA	2	2	1	1	1	1	4	4	2	4	2	3	5	3	2	2	2	6	5	2	5	2
23	59	159	6	2	1	11	1	1	NA	2	1	3	3	2	2	3	1	2	5	2	2	2	2	7	7	7	3	7
43	85	169	7	2	1	13	1	1	NA	2	5	5	5	5	1	3	3	1	3	6	6	6	2	3	4	4	6	6
23	64	167	7	2	1	15	1	2	1	2	2	1	4	3	1	2	1	1	3	3	3	5	5	6	3	5	5	6
22	58	169	6	2	1	11	4	2	3	1	1	1	2	1	5	1	1	1	3	6	6	7	2	2	2	2	2	7
22	50	159	6	2	1	15	1	1	NA	2	1	1	5	4	2	2	2	2	6	6	3	3	3	2	3	3	3	5
22	77	187	7	1	NA	NA	1	2	2	3	4	3	4	3	1	4	4	3	6	3	6	3	3	6	6	6	6	4
23	110	185	4	1	NA	NA	1	2	1	1	1	1	3	1	4	3	3	3	4	8	8	5	1	1	1	8	1	8
23	60	180	6	1	NA	NA	1	1	NA	2	3	3	4	3	2	4	1	2	2	1	1	1	7	3	6	6	2	1
28	56	174	6	2	1	12	1	1	NA	2	1	1	3	1	5	2	1	1	1	1	1	1	8	8	8	8	1	8
32	68	174	8	2	1	12	1	1	NA	2	1	1	1	2	3	3	2	2	7	3	2	2	5	6	6	4	4	6
20	85	182	6	1	NA	NA	1	2	1	1	1	1	5	5	1	4	3	4	8	1	1	1	3	7	1	5	7	7
22	53	167	6	2	2	14	3	2	3	1	1	1	4	3	3	3	2	2	6	5	5	6	6	6	6	6	5	6
20	78	169	6	1	NA	NA	1	2	1	1	1	1	3	1	5	2	4	1	6	2	5	5	6	3	2	6	2	6
20	57	163	5	2	1	12	1	2	3	1	1	1	5	5	1	4	2	3	6	6	5	2	1	7	3	3	3	7
19	65	180	6	1	NA	NA	1	2	1	1	1	1	5	4	2	3	2	1	2	6	4	3	6	4	6	4	5	3
20	70	170	7	2	1	12	1	1	NA	2	2	1	1	4	2	4	2	2	4	7	4	5	3	3	4	5	4	6
24	73	178	6	1	NA	NA	3	2	1	1	1	1	2	1	5	3	2	4	7	3	4	3	2	6	7	5	8	2
18	55	163	7	2	2	12	3	1	NA	2	2	1	4	1	4	1	1	1	3	2	2	5	4	5	3	5	3	5
22	68	197	6	1	NA	NA	1	2	1	2	1	1	5	3	2	4	3	2	3	3	3	4	2	3	2	5	4	6
23	75	178	7	2	2	15	1	2	1	1	1	1	3	2	3	2	1	2	3	2	2	1	5	6	7	7	1	6
28	65	174	6	2	2	13	1	1	NA	2	1	1	4	4	2	3	2	2	7	2	3	3	5	7	5	7	3	5
22	52	177	5	2	2	14	1	2	2	1	1	1	5	5	1	4	3	3	6	5	4	3	2	6	2	3	6	1
18	65	180	10	1	NA	NA	1	1	NA	4	5	5	5	5	1	4	5	4	2	2	6	5	2	2	1	4	2	2
22	70	165	5	2	1	14	1	2	1	1	2	1	4	2	4	3	1	2	5	5	5	4	4	3	5	3	4	5
19	58	168	7	2	1	13	1	1	NA	2	1	1	3	1	2	2	2	2	2	5	1	1	3	2	5	6	2	6
18	71	180	7	1	NA	NA	1	2	2	1	1	1	4	5	1	4	4	2	1	1	2	5	6	3	2	7	3	6
20	63	158	6	2	2	14	1	2	1	1	1	1	4	4	4	3	2	1	5	3	4	3	3	3	6	5	4	7
39	78	182	7	1	NA	NA	1	2	2	2	4	4	4	4	4	3	3	4	3	6	5	4	7	4	3	7	5	7
36	68	177	5	2	2	15	1	1	NA	2	1	1	4	1	4	2	1	1	2	4	4	2	2	3	5	5	5	5
32	69	167	7	2	1	11	1	1	NA	2	2	1	1	1	1	1	1	1	6	3	2	3	4	4	5	6	6	4
18	49	164	3	2	2	14	1	2	3	1	1	1	3	1	5	4	1	2	5	2	2	2	4	4	5	6	4	5
25	82	186	6	1	NA	NA	2	2	2	2	3	3	3	3	1	5	3	4	6	3	3	4	2	5	6	3	6	3
20	80	199	7	1	NA	NA	1	2	1	1	1	1	5	5	1	5	2	3	7	5	4	2	5	6	3	7	7	5
20	65	175	7	2	1	13	1	2	1	3	2	3	5	3	1	2	3	1	6	5	3	3	6	6	2	3	4	7
54	100	174	6	1	NA	NA	1	1	NA	2	3	2	3	1	3	2	1	2	3	3	4	6	5	4	4	5	4	6
22	66	170	6	2	1	14	1	1	NA	3	1	1	1	1	5	2	1	1	3	4	3	6	3	3	7	5	3	5
37	65	165	6	2	2	13	1	2	1	1	3	3	4	3	2	3	3	2	6	4	3	3	5	3	4	6	4	5
21	47	165	7	2	1	21	1	1	NA	2	4	5	5	5	1	2	2	1	8	1	1	1	8	1	8	8	1	8
24	72	173	5	1	NA	NA	1	2	3	1	2	2	4	2	4	4	2	2	2	4	4	5	5	6	3	6	3	5
20	60	173	7	2	1	15	1	1	NA	2	1	1	5	4	1	2	2	2	5	4	4	4	5	5	4	5	4	4
28	54	169	9	2	1	14	1	1	NA	2	1	1	3	1	5	1	1	1	7	4	4	4	5	5	4	5	4	6
24	70	194	5	1	NA	NA	4	1	NA	2	2	1	5	5	2	4	2	2	5	1	4	4	5	4	5	6	4	4
21	49	158	7	2	2	14	1	1	NA	2	4	4	4	4	1	4	3	2	6	3	2	5	6	5	6	7	3	3
20	60	185	6	1	NA	NA	1	2	3	1	1	1	4	2	2	3	2	2	1	1	8	5	5	4	1	5	4	4
23	78	187	7	1	NA	NA	1	2	2	3	5	5	4	3	1	4	4	4	3	6	2	3	6	3	1	5	7	2
20	55	168	7	2	1	13	1	1	NA	2	1	1	4	1	4	2	1	2	7	2	4	2	5	7	3	5	4	3
18	60	161	7	2	2	14	1	2	1	1	1	1	4	4	3	3	4	2	6	5	2	2	2	5	5	2	4	2
51	95	184	5	1	NA	NA	1	2	2	2	5	5	5	5	1	5	4	4	1	2	6	4	6	4	2	5	4	5
40	58	176	7	2	1	12	1	2	1	2	4	2	5	2	2	2	2	2	1	1	1	1	1	1	1	1	1	2
20	63	170	6	2	1	14	2	1	NA	2	1	1	3	1	4	2	1	1	3	2	4	7	5	6	8	5	1	5
18	64	170	8	2	1	12	1	2	1	1	2	1	4	2	3	2	2	1	3	3	3	3	5	6	4	6	3	5
20	51	162	6	2	1	13	1	1	NA	3	1	1	3	4	4	1	1	1	2	5	3	2	2	3	2	6	3	6
20	65	175	4	1	NA	NA	1	2	2	2	3	4	5	5	1	5	4	4	3	2	7	7	7	6	3	6	7	4
20	55	1.7	7	2	1	16	1	1	NA	3	2	2	4	2	2	1	1	3	1	8	8	8	1	1	1	1	8	1
21	53	163	4	2	2	11	1	2	3	1	1	1	3	2	4	1	1	1	5	3	4	3	5	6	6	5	3	2
24	62	180	6	1	NA	NA	1	2	1	3	4	4	4	4	1	4	4	4	6	3	4	3	5	5	6	6	7	3
50	63	172	6	2	1	16	1	1	NA	2	1	2	1	1	2	2	2	2	2	2	2	7	4	3	7	5	4	2
23	64	166	6	2	1	11	1	1	NA	2	1	1	5	1	4	2	1	2	8	2	4	4	3	7	7	6	3	5
18	65	168	7	2	1	14	1	1	NA	2	1	1	1	1	2	1	1	1	4	4	5	4	5	4	4	4	3	5
21	65	163	6	2	1	14	1	2	3	1	1	1	4	3	3	3	3	3	6	5	2	3	5	7	3	6	3	6
21	58	170	5	2	1	10	1	1	NA	4	3	5	5	5	1	3	2	1	3	1	2	2	7	3	2	7	1	7
24	60	178	8	2	2	14	3	2	3	3	4	4	5	5	2	4	4	4	8	1	4	5	4	6	7	6	4	2
22	60	159	6	2	2	20	1	2	1	1	1	1	2	1	4	2	2	2	1	1	1	1	2	3	6	6	2	7
19	100	190	5	1	NA	NA	1	2	3	1	1	1	5	4	3	3	2	3	6	2	2	3	5	5	7	6	7	4
26	68	163	7	2	1	12	1	2	1	1	1	1	1	2	2	4	3	2	5	3	3	2	2	4	2	6	3	6
33	88	181	6	1	NA	NA	3	1	NA	2	3	2	2	3	2	3	2	1	7	2	3	2	1	6	8	6	8	2
19	70	182	3	1	NA	NA	2	2	1	1	1	1	3	2	4	2	3	3	4	2	1	3	6	6	6	8	6	7
18	54	162	7	1	NA	NA	3	2	1	1	1	1	3	4	2	4	2	3	6	3	2	2	1	5	5	5	6	2
18	65	174	6	2	1	13	1	1	NA	2	1	1	5	2	2	2	2	2	2	4	4	2	3	3	3	6	3	6
27	70	169	8	2	2	12	2	1	NA	2	3	2	5	5	1	3	3	2	7	6	3	2	5	6	5	7	2	5
22	58	163	8	2	NA	13	1	2	1	5	4	4	5	5	1	3	3	2	7	2	2	2	2	7	2	7	2	7
20	68	159	7	2	2	12	2	2	1	1	1	1	5	5	2	4	3	2	6	4	3	4	5	6	6	8	4	3
18	55	168	7	2	NA	13	1	2	3	1	1	1	4	3	3	3	1	2	3	7	3	3	7	7	2	5	1	6
31	65	175	8	2	1	13	4	2	1	4	5	5	5	5	1	3	3	3	6	4	4	2	3	5	3	6	3	4
20	49	165	6	2	1	16	1	1	NA	2	1	1	2	3	4	2	1	1	2	3	3	6	2	4	2	5	4	5
22	53	158	7	2	1	14	1	2	1	2	3	1	4	1	3	3	1	1	6	4	3	3	4	4	5	5	3	6
18	45	155	8	2	1	13	1	2	1	1	1	1	5	3	2	4	2	1	7	3	3	2	7	7	8	5	2	4
24	80	171	7	2	1	14	1	2	3	1	1	1	3	3	4	2	2	2	7	5	4	3	6	5	7	6	3	3
20	80	180	7	1	NA	NA	1	2	2	3	4	3	5	5	1	5	5	5	1	1	1	7	6	5	1	8	1	6
19	71	184	7	1	NA	NA	1	2	1	1	1	1	3	3	4	4	3	4	1	1	5	4	5	4	5	5	5	4
22	64	183	6	1	NA	NA	1	1	NA	2	2	1	3	4	2	3	3	2	5	5	6	7	7	6	2	7	2	6
22	74	176	5	2	1	13	1	1	NA	4	5	5	5	5	1	3	2	2	5	3	3	2	6	3	5	7	2	6
22	69	170	7	2	1	14	1	1	NA	2	3	1	1	1	5	1	1	1	8	1	4	4	5	5	6	5	4	4
23	68	178	7	1	NA	NA	1	1	NA	2	1	3	5	5	1	2	2	2	3	4	5	6	6	2	1	5	1	5
22	54	168	6	2	1	12	1	1	NA	2	2	3	5	3	1	4	3	3	8	1	2	2	6	8	8	5	1	4
20	120	183	3	1	NA	NA	1	1	NA	2	2	1	4	1	5	1	1	1	2	7	5	8	4	3	2	3	1	8
20	73	168	4	2	1	12	1	1	NA	2	2	1	4	1	4	2	1	2	4	3	4	4	4	4	5	5	4	3
20	60	186	4	1	NA	NA	1	1	NA	3	3	1	4	4	1	1	2	1	1	1	1	8	8	1	1	8	1	8
31	80	176	7	1	NA	NA	1	1	NA	2	1	1	1	1	5	4	2	2	3	3	2	5	6	4	3	5	2	6
24	83	179	8	1	NA	NA	1	1	NA	2	2	3	4	5	1	3	2	3	3	2	2	5	7	3	3	4	3	5
26	82	176	7	1	NA	NA	1	1	NA	2	1	1	5	2	4	2	2	1	3	5	4	6	5	5	3	5	3	6
21	55	171	8	1	NA	NA	2	2	2	5	5	5	5	5	1	5	4	2	4	2	3	2	1	7	7	7	7	7
20	65	172	7	2	1	13	1	1	NA	2	1	1	3	1	5	1	1	2	2	1	2	2	5	7	7	6	2	2
24	55	167	8	2	1	15	1	1	NA	2	1	1	4	2	2	2	1	1	7	5	4	4	6	5	6	6	4	2
23	63	176	5	2	1	14	1	2	1	3	3	3	4	3	2	3	3	1	7	4	3	2	6	4	4	6	4	3
21	65	178	7	1	NA	NA	1	2	2	3	2	3	5	4	1	5	4	2	2	3	4	2	3	4	3	4	4	3
49	86	180	7	1	NA	NA	1	1	NA	2	3	2	2	2	3	4	2	3	3	5	5	4	6	3	3	4	5	5
22	58	170	7	2	1	13	1	1	NA	2	1	1	4	2	2	3	2	1	3	5	5	6	4	3	3	4	5	7
20	63	165	7	2	2	13	1	2	1	1	1	1	4	4	1	4	3	3	8	3	4	4	5	6	6	6	4	3
26	66	168	7	2	2	14	2	2	1	1	4	4	4	3	3	5	5	5	6	2	2	5	7	7	7	7	3	5
24	88	193	7	1	NA	NA	1	1	NA	2	4	4	3	4	1	2	1	2	4	5	7	6	6	3	2	4	2	7
31	84	163	6	2	1	11	1	1	NA	2	3	3	3	2	2	3	2	2	3	3	3	2	3	3	3	6	3	6
44	84	182	8	1	NA	NA	1	1	NA	2	1	1	5	1	2	2	2	2	3	5	5	7	7	4	2	3	2	6
24	57	163	6	2	1	14	1	1	NA	2	1	1	3	1	5	2	1	1	5	4	3	4	5	4	4	5	4	6
23	62	173	8	2	1	13	1	1	NA	2	1	2	4	3	2	3	2	2	4	6	3	5	5	4	5	5	3	5
21	64	179	6	2	2	16	1	2	1	1	1	1	4	1	5	2	2	2	6	4	4	3	4	6	6	6	4	5
19	65	176	6	2	1	13	1	1	NA	2	1	1	2	1	3	2	1	1	5	5	4	3	4	4	5	6	5	5
18	47	159	5	2	1	16	1	2	3	1	1	1	4	3	2	2	2	2	1	8	5	1	4	3	1	8	2	8
24	60	168	6	2	1	10	1	2	1	3	5	5	4	5	1	4	4	1	3	2	1	3	8	7	4	7	3	3
22	50	167	6	2	2	11	1	1	NA	2	4	5	5	4	1	2	1	1	4	4	4	5	4	4	4	5	4	4
24	63	170	7	2	1	13	1	2	1	2	3	1	3	2	3	3	2	2	5	5	4	5	4	4	5	5	4	4
19	62	176	7	1	NA	NA	1	2	1	1	1	1	2	3	3	3	4	1	3	3	4	4	5	4	3	5	4	5
21	65	180	5	1	NA	NA	1	1	NA	2	1	1	5	1	5	2	2	2	3	2	4	5	5	6	2	3	4	4
18	56	166	5	2	1	12	1	2	1	1	1	1	2	2	2	2	2	2	7	2	2	4	5	4	6	5	2	5
22	58	165	7	2	2	13	1	1	NA	2	3	4	5	4	1	2	2	2	5	1	2	2	1	6	3	6	2	1
19	60	170	8	2	1	14	1	2	1	1	1	1	1	2	4	5	4	4	7	6	2	2	2	2	7	6	2	4
23	64	175	7	2	1	17	2	2	2	3	1	2	5	5	1	4	5	2	7	6	2	2	3	3	2	3	2	2
23	53	165	8	2	1	15	1	1	NA	2	3	2	5	3	1	2	2	1	6	5	3	2	4	5	5	6	4	6
18	66.9	182	9	1	NA	NA	2	2	2	1	2	1	5	5	1	5	4	5	1	2	2	7	7	3	1	2	3	5
19	78	185	8	1	NA	NA	1	1	NA	3	1	1	4	4	1	3	4	1	5	2	2	2	6	3	1	6	2	5
20	75	176	5	2	2	14	1	1	NA	2	1	1	2	2	4	1	1	1	2	3	2	3	2	3	2	2	2	7
18	65	164	7	2	2	12	1	2	3	1	1	1	3	3	1	4	2	1	8	8	1	1	4	6	8	8	4	1
25	57	165	7	2	1	12	1	1	NA	3	2	3	3	2	3	5	4	5	3	3	3	3	3	3	5	5	4	6
20	60	167	6	2	2	15	2	2	1	1	1	1	5	2	5	4	1	2	2	6	5	5	2	3	3	5	6	6
24	65	164	6	2	1	12	1	2	1	1	1	3	2	1	4	4	2	1	4	4	5	3	4	3	3	5	6	5
21	75	184	6	1	NA	NA	1	2	2	3	4	4	4	4	2	4	4	4	4	4	3	3	3	5	6	5	5	3
24	61	165	8	2	1	12	1	1	NA	2	1	1	5	1	2	3	3	2	7	7	4	3	2	2	3	6	5	8
20	47	158	6	2	1	12	1	1	NA	2	1	1	2	1	4	1	1	1	3	5	4	6	6	6	4	6	4	6
21	56	163	1	2	2	11	1	2	1	1	1	1	3	2	5	3	2	1	3	3	4	6	4	7	3	5	4	7
20	59	171	7	2	1	14	1	1	NA	2	1	1	3	1	4	1	2	1	4	5	3	3	5	6	7	5	3	6
25	63	166	7	2	2	12	1	1	NA	2	3	5	5	4	1	3	3	3	3	5	3	3	3	3	5	5	5	3
24	59	158	6	2	2	12	1	2	1	1	1	1	1	1	5	1	1	1	7	3	2	3	7	7	4	5	2	3
19	52	197	6	2	2	13	1	2	1	1	2	1	1	1	5	1	2	1	7	4	4	3	5	5	6	5	4	5
21	68	169	4	2	1	16	1	1	NA	2	1	1	4	3	3	3	2	2	7	2	4	3	5	6	7	6	3	2
20	70	172	7	1	NA	NA	2	2	3	2	1	1	5	4	2	4	2	1	2	6	7	7	1	2	1	5	3	6
29	68	163	7	2	1	13	1	2	1	4	4	3	4	3	1	4	2	3	2	6	2	4	3	3	4	7	2	3
20	58	184	1	1	NA	NA	1	2	1	1	1	1	4	3	3	3	2	2	3	3	5	3	3	4	5	4	5	5
21	45	158	7	2	1	13	1	1	NA	2	1	1	4	2	3	4	3	1	6	3	3	3	2	4	6	6	4	6
19	65	169	5	2	1	14	1	1	NA	2	3	2	5	3	3	1	1	1	5	3	3	2	2	2	2	6	4	6
25	75	168	4	2	2	11	1	2	3	1	1	1	5	2	4	1	1	1	8	1	1	1	8	8	8	8	1	1
24	75	164	5	2	1	11	2	2	3	1	1	1	3	2	3	2	1	1	1	3	6	7	7	4	3	5	7	7
24	80	150	7	2	2	12	1	1	NA	2	1	1	1	1	5	2	1	1	7	4	5	4	5	6	6	5	4	5
19	58	168	7	2	1	14	1	2	1	1	1	1	2	1	4	1	2	1	6	2	2	3	4	4	5	6	3	6
20	65	170	5	2	1	15	1	2	1	1	1	1	2	4	3	4	4	4	6	2	2	1	2	7	4	7	3	2
18	46	154	7	2	1	11	1	2	1	3	2	2	4	1	3	2	3	1	5	8	2	3	5	6	2	7	4	5
25	64	162	7	2	1	11	1	1	NA	2	2	2	5	5	2	4	2	3	3	2	2	2	6	2	6	6	2	2
19	59	167	5	2	2	16	1	2	1	1	1	1	1	5	4	3	1	2	6	3	3	3	5	4	6	7	3	5
24	76	183	6	1	NA	NA	1	2	1	1	3	3	5	1	2	4	3	2	7	6	2	6	4	7	1	7	8	7
28	88	185	4	1	NA	NA	1	1	NA	2	2	2	5	5	1	3	4	4	3	7	6	5	7	4	4	3	3	5
21	90	174	7	2	1	11	1	1	NA	2	1	1	3	2	4	2	2	2	6	2	3	2	3	3	5	6	3	3
22	80	198	8	1	NA	NA	1	1	NA	2	4	4	4	5	1	4	4	4	3	2	3	3	3	5	5	4	5	5
36	70	162	5	2	1	12	1	1	NA	2	4	3	4	2	1	3	2	2	8	1	1	1	8	1	8	8	1	8
22	75	170	7	1	NA	NA	1	2	1	2	3	3	4	3	2	4	2	2	3	5	4	6	3	4	3	6	4	7
23	70	172	7	2	1	14	1	2	1	2	1	1	2	3	2	5	4	2	6	6	2	2	2	1	6	5	5	5
18	55	160	5	2	1	11	1	1	NA	2	1	1	5	5	1	2	2	2	3	4	3	5	3	3	3	5	3	6
21	49	153	5	2	1	11	2	2	1	1	1	1	3	2	5	4	3	2	3	6	6	6	3	2	3	2	4	5
26	69	179	7	2	1	13	1	1	NA	2	4	5	4	5	1	3	2	1	6	4	3	2	7	7	5	6	3	3
32	105	203	7	1	NA	NA	1	1	NA	2	5	5	5	5	1	5	4	4	2	2	6	7	7	2	2	7	2	8
22	65	168	7	2	1	13	1	1	NA	2	1	1	3	1	3	2	1	1	6	5	5	4	4	5	5	5	4	6
23	52	163	7	2	NA	15	1	2	1	4	5	4	5	5	1	3	3	3	3	6	4	5	4	6	4	5	4	3
21	60	174	8	2	1	13	1	1	NA	2	1	1	4	4	2	4	3	1	4	4	4	3	6	6	5	5	4	4
23	50	153	2	2	1	16	1	2	3	1	1	1	1	1	5	1	1	1	5	2	5	4	4	5	5	5	4	5
23	65	182	6	2	1	13	1	1	NA	2	1	1	2	1	4	2	1	1	4	3	3	2	6	2	7	7	2	5
30	79	163	7	2	2	11	1	1	NA	2	3	2	4	1	4	2	2	2	7	2	2	2	6	5	4	6	3	3
23	75	185	5	1	NA	NA	1	1	NA	2	3	1	4	3	2	3	2	2	4	4	4	6	5	2	1	1	1	8
26	52	167	6	2	1	13	1	1	NA	2	4	2	3	1	3	1	1	1	5	3	3	3	2	5	3	5	4	4
28	51	168	3	2	1	10	1	1	NA	2	3	4	3	1	4	1	1	1	7	2	3	2	7	7	7	7	3	7
19	50	163	6	2	1	11	1	2	1	2	1	1	3	2	4	4	3	3	5	4	4	4	4	4	5	5	4	5
20	55	172	7	2	2	12	2	2	2	3	1	2	4	4	1	5	4	3	4	5	4	4	4	4	4	5	4	5
30	76	177	8	2	1	13	1	1	NA	2	3	4	5	3	2	3	2	2	6	2	2	2	6	7	7	2	2	7
23	65	177	8	1	NA	NA	1	1	NA	2	4	3	5	3	2	3	3	2	2	2	5	5	6	3	1	5	3	7
20	50	168	5	2	1	14	1	2	3	1	1	1	2	1	4	2	2	2	3	4	6	5	4	3	4	3	3	6
19	64	165	5	2	1	10	1	1	NA	1	1	1	5	3	5	2	1	1	5	6	3	3	5	3	5	4	4	5
22	65	178	7	1	NA	NA	2	2	2	4	5	5	4	4	2	3	2	2	2	5	3	2	4	4	3	5	2	4
23	48	157	4	2	1	14	1	1	NA	3	1	1	1	1	5	1	1	1	4	1	2	6	4	5	6	7	2	2
20	70	170	7	2	1	12	1	2	1	4	3	4	4	5	1	3	2	1	3	8	3	2	5	3	3	4	5	6
23	65	178	7	1	NA	NA	1	2	1	2	1	1	3	4	4	3	3	2	2	2	2	7	7	2	2	7	2	7
22	50	155	6	2	1	13	1	1	NA	2	1	1	3	1	4	2	1	1	5	4	4	4	4	6	5	6	3	4
20	71	178	7	1	NA	NA	1	1	NA	2	1	1	5	5	1	4	2	2	4	6	6	6	7	2	7	3	2	4
21	90	170	6	2	1	14	1	2	3	3	2	3	4	3	2	3	3	2	8	4	4	1	5	4	5	8	4	5
27	70	178	8	1	NA	NA	1	1	NA	2	3	3	5	5	1	4	2	3	2	7	4	5	5	2	2	5	3	7
23	65	155	7	2	1	13	1	1	NA	2	1	1	4	3	4	2	2	1	6	3	2	3	5	6	6	7	4	2
18	56	166	7	2	1	14	1	1	NA	2	2	3	3	4	2	5	2	3	3	4	4	2	4	2	6	6	3	6
22	52	170	5	2	1	12	1	2	1	2	2	2	1	1	5	2	2	2	8	3	3	2	5	3	8	8	3	1
18	70	168	7	2	1	13	1	2	2	4	4	4	5	4	2	4	4	3	5	4	3	4	3	3	5	5	6	5
18	60	180	7	1	NA	NA	1	2	2	1	1	1	3	3	2	4	2	2	6	7	2	3	1	2	4	6	6	3
25	95	185	8	1	NA	NA	1	1	NA	2	1	1	4	4	2	2	2	1	3	3	3	6	2	4	2	5	2	6
28	47	169	9	2	2	14	1	2	1	3	2	3	3	3	2	2	2	2	5	3	4	4	4	4	3	7	4	6
21	90	187	7	1	NA	NA	1	1	NA	2	2	1	4	2	3	5	2	5	2	4	4	6	5	3	2	6	2	7
22	56	165	8	2	1	13	1	2	1	3	3	3	4	4	1	4	4	2	3	5	4	5	3	4	3	4	6	6
23	73	176	8	2	1	11	1	2	1	3	2	3	5	4	1	2	3	2	3	4	4	3	3	5	5	4	4	5
21	51	160	6	2	1	12	1	1	NA	3	1	1	5	4	1	3	2	2	6	6	4	4	1	2	3	5	2	7
20	68	185	7	1	NA	NA	1	1	NA	2	2	1	4	3	3	2	2	2	2	3	5	5	3	3	3	5	3	6
20	84	174	7	2	1	12	1	2	1	1	1	1	4	4	2	3	2	2	3	4	4	4	4	6	3	6	4	6
22	85	165	6	2	2	11	1	1	NA	2	1	1	4	1	2	4	2	2	8	4	3	4	4	6	6	5	4	3
20	68	173	6	2	1	13	1	1	NA	3	3	2	5	2	3	3	2	2	7	2	2	4	6	7	7	6	3	7
20	52	173	7	2	1	12	1	1	NA	2	1	1	3	2	4	2	2	1	7	4	2	1	3	3	4	8	2	5
19	68	170	7	2	NA	13	1	2	3	1	1	1	2	3	5	1	2	1	4	3	2	2	5	5	5	6	4	3
23	70	182	8	1	NA	NA	1	1	NA	2	2	3	5	5	1	3	2	1	1	3	4	2	6	2	2	6	3	6
25	75	174	5	1	NA	NA	1	1	NA	2	1	1	5	4	2	2	2	2	2	6	4	5	2	5	5	4	3	3
23	90	175	7	2	2	12	1	2	1	3	5	5	5	4	4	5	4	5	7	1	3	5	4	6	5	6	4	7
22	63	172	7	2	2	15	1	1	NA	2	1	1	1	1	5	1	1	1	3	3	4	4	5	5	6	5	4	6
22	64	170	6	2	1	13	1	1	NA	2	3	5	4	3	4	2	2	1	3	5	3	2	4	4	5	6	4	6
18	58	178	3	1	NA	NA	1	1	NA	2	1	1	3	1	5	1	1	1	3	4	3	2	7	5	3	3	3	6
21	90	188	8	1	NA	NA	1	1	NA	4	4	5	2	5	1	3	2	3	3	4	2	4	5	4	3	6	1	6
19	70	186	9	1	NA	NA	1	2	1	1	1	1	5	5	3	5	5	5	3	2	2	1	7	4	4	6	6	2
19	93	183	7	1	NA	NA	1	1	NA	2	2	1	5	5	3	4	4	3	3	5	4	4	7	2	3	6	3	5
21	72	185	6	1	NA	NA	1	1	NA	2	1	1	5	2	4	3	2	2	3	3	4	2	2	3	2	2	2	5
20	55	174	8	2	1	15	1	1	NA	2	2	2	2	2	3	2	2	1	6	6	2	2	2	2	5	6	3	6
24	57	178	4	1	NA	NA	1	2	3	1	1	1	5	4	1	4	1	2	2	5	4	6	7	3	2	6	4	6
33	91	192	6	1	NA	NA	1	1	NA	2	2	2	5	4	1	3	3	2	4	3	5	4	5	5	4	5	4	4
22	63	160	7	2	1	11	1	2	1	4	3	4	5	3	1	3	4	2	7	5	3	2	5	6	6	7	5	6
28	74	185	7	1	NA	NA	1	2	1	1	1	3	5	5	2	4	2	3	5	1	4	4	5	5	1	5	4	8
27	58	160	7	2	1	12	2	1	NA	3	4	5	5	4	1	5	3	3	6	2	2	3	5	4	4	5	3	2
21	45	152	6	2	1	13	1	1	NA	2	1	1	3	1	4	2	1	1	3	7	5	3	2	2	2	4	4	7
24	52	156	7	2	1	12	1	1	NA	2	1	1	2	3	4	3	2	2	5	3	4	3	4	5	4	6	3	3
24	65	189	9	1	NA	NA	1	2	1	1	1	1	5	2	2	4	4	2	1	2	5	5	5	1	4	4	3	7
20	57	165	5	2	1	15	1	1	NA	2	3	2	4	1	3	1	1	1	7	7	4	4	3	5	2	3	3	7
27	80	176	4	1	NA	NA	1	1	NA	2	1	1	5	5	1	2	2	1	4	5	4	4	4	5	5	5	4	4
24	65	177	8	2	1	16	1	2	2	3	5	5	5	4	2	3	3	3	6	5	3	3	5	5	6	7	3	3
23	163	173	7	1	NA	NA	1	2	1	1	3	1	2	3	3	5	3	5	6	3	3	5	5	5	3	5	5	3
43	87	165	5	2	1	12	1	1	NA	2	1	1	1	1	5	1	1	1	1	8	1	8	8	6	7	8	3	5
22	80	190	7	1	NA	NA	1	2	1	2	2	2	4	4	2	3	3	2	4	4	5	5	3	3	7	4	3	4
18	75	189	7	1	NA	NA	1	2	1	1	1	1	2	3	2	3	3	2	6	6	4	5	3	4	2	6	2	6
23	68	170	7	1	NA	NA	1	1	NA	2	1	1	4	4	3	4	3	2	1	4	4	5	8	4	1	5	1	5
20	64	180	8	1	NA	NA	1	1	NA	2	3	3	4	4	2	3	3	2	2	2	2	7	8	6	2	6	7	5
21	57	163	8	2	1	12	1	1	NA	2	2	1	3	2	4	3	2	1	5	6	3	4	4	5	4	5	3	4
23	69	172	6	2	1	13	1	1	NA	2	4	3	3	3	2	2	2	2	5	4	3	3	3	5	6	6	6	7
21	60	158	3	2	2	11	4	2	3	1	1	1	5	5	2	1	1	1	3	4	3	5	4	5	4	3	4	5
21	65	160	8	2	2	13	1	2	1	2	2	2	5	4	1	3	2	1	2	2	2	1	4	8	5	8	4	7
23	62	168	7	2	1	11	1	1	NA	2	1	1	1	2	2	3	2	2	5	3	4	3	3	5	3	3	3	3
19	56	161	4	2	1	12	1	1	NA	1	1	1	4	1	5	2	1	1	4	6	2	5	6	7	2	4	7	2
18	71	170	7	2	2	12	1	2	1	1	1	1	1	1	5	2	2	2	5	5	4	5	4	4	3	3	5	5
20	53	167	6	2	2	11	4	2	3	1	1	1	1	1	4	4	2	3	3	3	3	3	5	5	6	5	4	3
27	80	186	7	1	NA	NA	1	2	1	3	4	5	5	3	1	5	5	4	5	6	2	3	6	5	1	3	3	6
20	68	178	7	2	1	15	1	1	NA	2	2	1	2	1	2	2	2	2	3	3	3	6	3	3	2	2	4	5
26	65	190	7	1	NA	NA	1	1	NA	2	2	4	5	5	1	3	2	1	4	4	4	4	4	3	3	5	3	5
23	58	176	7	2	2	12	1	2	1	1	1	1	3	1	4	2	3	2	7	3	6	7	4	6	5	4	4	7
20	61	173	6	2	1	12	1	2	2	4	3	4	5	5	1	3	3	2	6	4	3	3	6	6	5	5	3	4
20	52	165	3	2	2	12	1	2	3	1	3	2	4	3	2	3	3	2	5	2	2	2	5	5	5	5	4	3
20	62.7	167	6	2	1	11	1	1	NA	2	2	3	2	1	4	1	2	2	5	2	2	2	7	5	2	7	2	7
19	50	166	4	2	1	12	1	1	NA	2	1	1	4	2	4	2	1	1	7	4	5	3	5	5	3	5	3	7
18	52	167	6	2	2	12	1	2	1	1	1	1	4	2	3	4	3	2	6	5	3	3	3	5	7	5	3	4
24	68	176	4	1	NA	NA	1	2	1	1	2	1	3	4	4	4	3	5	4	6	4	4	5	5	2	4	4	4
22	64	163	7	2	2	13	1	1	NA	3	3	5	5	5	1	2	2	2	5	3	5	5	4	4	4	4	4	5
26	88	178	8	1	NA	NA	1	1	NA	2	5	3	5	5	1	4	2	3	4	2	3	4	6	2	3	6	3	5
31	65	168	7	2	2	14	1	1	NA	2	1	1	2	1	4	2	2	2	3	6	6	3	3	2	3	6	6	5
22	70	168	7	2	1	13	1	1	NA	2	1	1	4	1	4	3	2	1	4	3	6	2	2	1	5	5	5	6
27	51	158	6	2	1	15	1	1	NA	2	1	1	5	1	4	1	2	1	7	5	4	2	4	4	7	7	4	4
19	80	193	7	1	NA	NA	1	2	3	1	1	1	3	4	2	4	2	1	4	6	3	5	5	4	4	6	2	6
23	65	158	8	2	2	13	1	2	3	1	1	2	3	2	2	1	1	2	5	2	3	4	5	6	7	5	4	5
19	48	162	6	2	1	16	1	2	3	1	1	1	4	5	5	4	4	5	3	3	3	6	5	4	3	4	4	5
52	54	160	8	2	2	12	1	2	3	2	4	4	4	4	4	2	2	1	8	1	1	4	5	6	5	5	4	4
21	71	172	6	2	1	12	1	2	1	2	1	1	1	3	1	3	2	1	7	2	2	2	7	7	7	7	2	8
20	94	162	7	2	2	13	1	2	2	3	1	2	5	5	1	5	5	5	3	5	4	2	2	3	3	6	3	2
24	55	168	6	2	1	13.5	1	1	NA	3	1	2	3	1	2	2	2	3	5	4	2	3	2	6	5	6	4	5
24	68	175	7	2	1	14	1	1	NA	2	1	1	2	2	4	1	1	1	5	4	4	4	5	5	5	5	4	5
18	71	185	2	1	NA	NA	4	2	3	1	1	1	4	1	5	3	1	1	4	6	4	4	5	3	3	4	5	5
22	70	180	7	2	2	14	1	2	1	2	1	2	3	2	5	2	2	2	5	4	2	2	5	4	5	6	2	4
25	70	168	7	2	1	12	1	1	NA	2	3	4	4	5	2	2	2	1	5	5	3	4	4	3	3	6	2	6
23	77	170	4	2	1	12	1	1	NA	3	2	3	5	4	2	2	2	2	3	5	5	3	4	3	3	3	4	5
22	65	170	6	1	NA	NA	1	2	1	1	2	1	4	4	2	4	4	4	6	6	3	4	3	5	6	5	4	4
23	80	169	5	2	1	16	2	1	NA	2	1	1	5	1	4	2	2	2	5	3	3	3	4	6	5	5	3	5
20	110	179	2	2	1	11	2	2	1	1	1	2	2	1	4	3	2	1	3	2	5	6	2	3	5	6	6	6
28	70	163	6	2	1	10	2	2	3	1	3	3	4	2	3	2	2	2	6	3	2	5	4	2	5	6	4	5
26	70	165	5	2	1	12	1	1	NA	2	4	2	4	1	2	1	1	1	1	4	3	1	8	2	4	6	1	5
21	65	167	7	2	1	14	1	2	2	4	4	4	5	4	1	3	3	2	6	5	4	6	4	4	3	3	5	5
24	57.5	164	7	2	1	12	1	2	1	1	1	2	5	2	4	4	3	1	3	8	2	3	3	6	3	6	2	5
20	60	167	6	2	1	12	1	1	NA	2	1	1	5	3	1	3	2	3	2	4	5	2	6	4	5	6	3	2
23	60	180	6	1	NA	NA	1	1	NA	2	1	1	4	4	2	3	3	2	3	5	3	2	2	6	2	6	6	6
23	75	176	8	1	NA	NA	1	2	3	4	5	5	5	5	1	4	3	4	3	3	2	6	7	3	2	4	3	6
22	58	178	7	2	2	14	1	2	1	1	1	1	5	2	3	4	3	2	7	2	2	3	5	5	8	7	4	4
36	66	183	4	1	NA	NA	1	2	1	2	4	4	5	5	2	3	3	2	2	6	4	6	6	3	1	5	3	7
24	65	172	7	1	NA	NA	1	1	NA	2	1	1	5	3	1	4	2	2	4	2	7	5	5	6	2	7	2	7
20	60	176	7	2	1	15	1	1	NA	2	4	4	3	4	3	1	1	2	2	4	6	2	4	4	3	7	3	5
20	58	174	8	1	NA	NA	1	1	NA	3	4	4	5	5	2	2	4	2	2	7	6	6	6	1	1	4	2	5
21	63	172	7	2	1	13	1	2	1	1	2	1	3	2	4	3	2	1	3	6	4	2	6	4	3	4	5	3
21	58	160	7	2	1	12	1	1	NA	2	1	1	4	2	3	2	2	1	4	3	3	3	5	3	4	5	4	6
34	77	182	7	1	NA	NA	1	1	NA	2	1	1	4	4	4	2	1	1	2	4	3	5	5	3	3	5	3	5
43	80	167	6	2	2	14	1	1	NA	2	2	2	3	3	2	2	1	1	2	5	4	4	4	4	5	5	4	5
21	90	195	7	1	NA	NA	1	1	NA	2	1	1	4	3	2	2	2	1	2	2	3	5	7	4	3	7	3	7
18	58	168	5	2	1	11	1	1	NA	2	1	1	1	1	1	2	1	1	4	5	5	4	3	4	4	4	5	5
19	64	170	8	2	2	12	1	2	1	1	1	1	3	2	2	4	2	2	4	2	3	4	5	4	2	5	3	7
21	57	167	8	2	NA	13	1	2	1	1	1	1	4	1	5	2	2	2	7	2	2	2	5	7	7	7	2	2
33	68	176	7	2	1	14	1	1	NA	2	2	2	3	1	3	2	2	2	5	4	4	3	5	5	5	5	4	5
20	62	163	7	2	1	12	3	2	1	2	3	3	4	3	2	4	3	3	2	5	5	5	5	5	3	3	3	5
50	90	182	4	1	NA	NA	1	1	NA	2	3	3	3	3	3	2	2	2	1	8	5	5	5	4	4	1	4	5
20	65	178	8	1	NA	NA	1	2	2	1	1	1	4	3	1	3	4	1	6	6	3	2	7	4	6	6	6	5
20	78	190	7	1	NA	NA	1	2	3	3	4	4	2	3	2	5	4	2	3	1	7	5	6	6	1	3	6	7
19	56	165	6	2	1	14	1	2	3	3	2	3	3	3	2	2	2	1	6	4	4	3	3	4	3	3	2	6
27	78	160	5	2	1	12	1	1	NA	2	1	1	1	2	3	2	2	1	6	4	4	3	5	4	5	5	5	7
27	60	160	6	2	2	14	2	1	NA	2	1	1	4	3	2	2	2	1	3	5	4	4	4	3	4	4	5	5
20	78.1	183	7	1	NA	NA	1	2	1	3	2	3	4	4	2	4	4	3	2	6	6	7	6	3	2	2	3	5
21	58	158	7	2	2	14	1	2	3	1	1	1	5	1	5	2	1	2	5	1	1	1	8	8	8	5	1	5
21	50	167	6	2	2	13	1	2	1	1	1	1	2	2	3	2	2	1	6	3	4	3	4	3	4	5	4	5
21	72	189	7	1	NA	NA	1	2	1	1	1	1	4	4	2	4	3	2	3	4	4	3	5	5	2	3	5	6
20	67	163	6	2	1	12	4	2	2	3	2	3	5	5	1	4	4	2	2	4	5	4	6	6	2	4	4	4
25	56	164	6	2	1	13	3	2	3	1	1	1	5	5	1	1	1	2	5	4	5	5	2	2	2	2	7	5
19	56	159	5	2	2	10	2	1	NA	2	1	1	3	1	5	3	3	2	5	7	5	6	1	2	3	2	4	6
20	62	170	6	2	1	13	1	2	1	1	2	2	4	2	3	2	2	2	5	3	5	2	4	3	7	3	2	6
18	80	170	3	2	2	13	2	2	1	1	1	1	4	2	4	2	2	2	6	3	3	5	3	6	4	5	6	4
20	78	175	6	1	NA	NA	2	2	3	1	1	1	4	4	2	5	2	4	5	3	2	3	6	3	6	8	6	2
23	63	178	8	2	2	12	1	2	1	2	1	1	4	4	4	3	3	2	4	3	4	6	4	4	5	4	4	5
19	85	178	6	2	1	13	1	1	NA	2	1	1	1	1	5	1	1	1	5	4	4	3	5	4	5	4	4	5
23	105	180	2	2	1	11	1	2	1	1	1	1	4	3	4	2	2	2	6	2	2	2	7	5	5	6	4	7
24	70	179	6	1	NA	NA	1	2	1	1	1	1	3	4	2	1	1	1	2	2	1	6	5	6	2	7	2	7
21	78	180	6	1	NA	NA	1	2	3	1	1	1	5	4	2	2	2	2	5	3	5	5	4	3	3	5	4	4
35	65	182	7	1	NA	NA	1	1	NA	2	5	4	4	4	2	3	3	3	2	2	4	5	5	4	2	6	4	5
18	52	168	6	2	2	11	1	2	1	1	1	1	2	3	4	2	2	1	3	4	4	5	3	3	5	5	3	5
21	57	163	6	2	1	14	1	1	NA	2	1	1	4	2	2	1	1	1	6	4	4	3	5	5	5	5	4	5
19	105	180	6	1	NA	NA	1	1	NA	2	1	1	2	5	4	2	2	1	4	6	5	6	4	4	3	4	4	5
23	85	192	7	1	NA	NA	1	2	1	3	2	3	4	4	1	5	5	5	3	2	4	3	2	5	5	7	2	4
29	95	184	5	1	NA	NA	1	2	1	1	3	1	5	2	2	4	3	5	8	1	3	4	6	7	8	5	5	5
28	60	169	7	2	1	12	1	1	NA	2	1	1	2	2	2	2	2	2	2	2	6	6	7	1	2	7	3	7
24	63	171	6	2	1	13	1	1	NA	2	2	2	4	2	3	2	2	2	6	3	3	3	6	6	6	6	3	6
20	62	175	5	2	1	12	1	1	NA	2	1	1	1	1	4	1	1	1	4	5	4	4	4	4	4	5	4	5
27	98	195	8	1	NA	NA	1	1	NA	2	1	2	3	2	1	4	2	1	3	2	7	6	2	3	3	6	2	6
22	56	161	5	2	1	13	1	2	1	1	1	1	4	2	5	3	3	2	8	1	1	1	5	4	1	8	1	8
23	75	170	4	2	1	12	1	2	1	2	1	2	4	3	4	4	2	2	6	4	5	3	3	3	5	5	3	6
32	63	163	7	2	1	15	1	1	NA	2	1	1	4	2	3	2	1	1	4	4	5	5	4	4	5	4	4	5
20	71	178	7	1	NA	NA	1	2	2	3	2	3	5	5	1	4	3	3	4	3	3	4	4	5	3	5	6	5
31	90	181	7	2	2	9	2	1	NA	2	3	3	3	2	3	2	2	2	6	2	2	7	4	7	4	4	5	3
31	67	179	8	1	NA	NA	1	1	NA	5	5	5	5	5	1	2	2	2	6	5	2	3	1	6	6	6	7	3
22	60	173	7	2	2	13	1	2	3	1	1	1	5	3	4	2	2	2	5	3	3	2	2	3	2	6	2	6
19	47	173	8	2	1	12	1	1	NA	2	1	1	5	1	5	1	2	1	5	3	3	4	5	4	5	5	2	3
23	60	161	5	2	1	12	1	1	NA	2	1	1	3	2	2	2	2	1	6	4	3	2	7	4	6	6	4	3
22	48	157	7	2	1	15	1	2	2	3	3	3	5	5	2	2	2	2	6	2	2	2	4	5	5	5	3	7
19	78	187	7	1	NA	NA	1	2	1	2	1	1	4	3	3	5	2	4	3	2	4	4	4	2	4	5	3	3
22	51	167	7	2	1	16	1	1	NA	2	1	1	3	3	2	2	2	1	5	3	3	2	4	4	5	6	4	4
22	65	170	5	2	2	12	1	2	1	1	1	1	3	2	4	2	2	2	5	2	4	4	3	2	2	7	1	5
22	78	189	6	2	1	15	2	1	NA	3	4	5	5	3	1	3	2	3	6	6	4	2	4	7	2	6	2	2
19	62	170	7	2	1	13	1	1	NA	2	1	1	2	1	5	1	1	2	5	4	6	2	3	5	3	6	3	6
22	65	174	7	2	1	12	1	2	3	2	1	1	4	2	4	4	3	1	8	8	1	8	8	1	1	1	8	8
22	56	173	6	2	1	14	1	1	NA	3	3	3	5	1	2	3	2	1	5	4	4	4	5	5	4	5	5	5
22	65	174	6	1	NA	NA	1	2	1	1	2	2	4	2	3	2	2	2	3	3	3	5	7	3	2	6	3	7
21	75	166	6	2	1	13	1	2	1	3	2	2	5	2	1	4	3	2	6	5	2	2	2	2	2	2	2	6
20	51	171	8	2	1	13	1	1	NA	2	1	1	4	4	2	2	1	2	2	4	5	5	4	6	7	6	6	7
28	75	184	7	1	NA	NA	1	1	NA	2	3	4	5	5	1	4	2	4	2	2	2	6	7	3	1	4	2	6
20	86	190	8	1	NA	NA	1	2	3	1	1	1	5	2	5	2	2	2	4	3	2	3	6	5	4	4	5	3
27	75	159	6	2	2	12	1	1	NA	2	1	1	3	2	4	3	2	2	4	6	4	3	4	3	3	5	4	6
22	65	170	8	2	1	14	1	1	NA	2	2	1	5	4	3	2	2	3	6	6	3	3	3	3	6	7	4	6
21	73	173	4	1	NA	NA	1	2	1	1	1	1	3	1	4	4	3	2	5	3	3	5	7	2	2	7	6	8
28	57	165	7	2	1	15	1	1	NA	2	4	3	4	2	3	2	1	1	3	5	4	4	5	4	4	6	4	5
23	100	201	6	1	NA	NA	1	2	1	1	1	1	5	5	1	4	3	4	5	5	3	4	3	4	3	5	4	3
18	58	173	8	2	1	15	1	1	NA	2	1	1	2	1	4	2	1	2	4	3	3	2	4	5	4	6	4	6
29	73	176	7	2	2	12	3	1	NA	2	2	1	2	1	4	3	2	2	5	4	4	2	5	5	4	5	4	5
28	70	168	6	2	1	12	1	1	NA	2	1	2	3	1	1	2	1	1	4	4	3	5	3	5	6	5	3	3
19	53	172	4	1	NA	NA	1	2	1	1	1	1	1	1	2	5	3	3	3	3	4	5	5	5	6	7	5	6
18	68	173	6	2	1	11	1	1	NA	3	3	3	3	4	2	2	2	2	6	2	2	1	2	4	7	6	3	7
20	60	179	6	1	NA	NA	1	1	NA	2	1	1	5	4	2	4	3	2	2	5	5	7	7	2	2	7	2	5
26	57	156	6	2	1	12	1	1	NA	2	1	1	3	1	4	1	1	1	6	4	2	1	1	6	5	7	2	8
21	58	165	8	2	1	12	1	1	NA	4	2	4	4	4	2	4	4	4	6	4	3	3	5	2	5	6	5	2
36	80	180	5	1	NA	NA	3	2	1	4	5	5	5	5	1	2	1	1	4	4	4	4	4	4	4	4	4	4
19	60	178	7	2	1	13	1	2	3	2	1	1	3	2	5	2	2	1	6	5	3	5	3	3	6	6	2	2
25	62	168	7	2	2	14	1	2	1	1	1	1	3	1	2	1	2	1	1	4	4	4	5	5	4	5	4	4
25	74	166	6	2	1	12	2	1	NA	4	4	4	4	4	1	2	2	1	7	2	3	2	5	6	3	4	5	6
25	63	172	7	2	1	11	1	2	1	2	5	2	3	2	4	3	3	2	7	4	4	3	4	4	6	6	5	4
19	66	170	6	2	1	14	1	2	1	1	1	1	2	3	2	2	2	2	6	3	3	3	3	5	3	6	4	7
20	74	190	7	1	NA	NA	1	2	1	1	1	1	4	4	3	3	4	4	2	2	3	5	6	4	2	5	3	6
22	50	163	6	2	1	12	1	1	NA	2	1	1	3	1	4	1	1	1	6	4	3	5	5	5	3	3	4	6
32	69	176	6	2	2	13	1	1	NA	2	5	4	4	4	1	1	1	1	7	7	1	1	4	4	6	4	4	2
23	70	170	3	1	NA	NA	1	2	1	1	1	1	4	2	4	3	2	4	4	4	4	5	6	4	3	6	3	6
29	78	187	7	1	NA	NA	3	1	NA	2	5	5	4	4	1	3	3	3	6	3	4	4	3	4	6	5	6	5
25	62.5	170	7	2	1	12	1	1	NA	2	2	1	2	2	2	2	2	2	5	4	5	3	6	3	6	6	3	6
23	67	187	5	1	NA	NA	1	2	3	1	1	1	3	3	4	1	1	1	4	8	4	4	5	7	7	7	7	6
20	64	167	6	1	NA	NA	1	2	3	2	1	1	4	3	2	5	2	2	3	2	4	5	4	6	4	7	4	4
21	60	169	9	2	1	11	1	1	NA	2	1	1	2	2	5	5	1	2	6	4	5	2	6	6	5	7	3	5
21	58	168	6	2	2	12	1	2	3	1	1	1	1	1	5	2	1	2	5	5	6	5	4	2	2	2	5	6
19	54	159	5	2	NA	10	1	1	NA	1	1	1	3	1	4	3	1	1	3	6	3	3	6	6	6	6	3	6
19	56	170	7	2	1	14	1	1	NA	2	2	1	3	2	4	3	3	2	4	5	3	3	4	3	5	5	4	5
22	64	155	6	2	1	16	1	2	2	2	2	1	4	2	2	3	2	1	5	4	5	4	4	3	3	6	4	6
19	64	168	5	2	2	14	1	1	NA	1	1	1	1	1	5	4	1	2	3	6	2	2	4	4	4	4	3	4
23	58	163	7	2	1	12	1	1	NA	2	1	1	2	1	4	2	1	1	6	6	3	2	6	7	3	6	2	5
20	55	160	8	2	2	13	1	2	3	1	1	1	1	1	5	1	1	1	7	2	7	1	2	8	1	8	1	2
21	57	162	5	2	1	14	3	1	NA	2	1	1	3	2	4	2	2	2	3	5	4	4	4	4	4	5	4	4
18	58	170	6	2	1	14	1	2	1	2	2	1	3	2	3	4	4	1	7	4	1	1	8	8	5	8	1	5
25	87	183	6	1	NA	NA	1	1	NA	2	1	2	4	5	1	5	3	4	3	2	2	2	4	3	2	4	3	5
18	58	177	7	1	NA	NA	3	2	3	2	2	1	3	1	3	2	2	2	6	4	4	4	4	5	5	5	5	3
21	56	164	7	2	1	12	1	1	NA	2	1	1	4	2	2	2	2	2	3	2	4	5	2	5	7	3	3	6
25	60	168	5	2	1	12	1	2	1	4	3	4	2	1	3	4	5	2	3	6	2	2	8	2	2	6	5	8
27	68	168	7	2	2	12	1	2	1	5	5	5	5	4	2	4	3	3	6	4	5	3	4	6	7	6	3	7
22	82	187	6	1	NA	NA	1	1	NA	2	1	1	4	2	4	2	2	1	3	6	4	3	6	6	3	6	5	6
28	80	177	6	1	NA	NA	1	1	NA	2	4	5	5	5	1	4	2	4	3	2	4	6	7	2	1	5	2	6
22	66	169	7	2	1	13	1	2	1	3	5	4	5	4	2	5	4	5	3	2	2	3	4	3	5	6	4	6
20	60	179	6	1	NA	NA	1	1	NA	2	1	1	4	5	4	2	2	1	2	3	3	2	3	3	3	4	2	3
21	70	186	7	1	NA	NA	1	2	1	2	3	3	4	2	4	1	2	1	3	4	4	4	4	4	5	5	4	5
34	80	161	6	2	2	14	1	1	NA	2	2	2	3	1	4	2	1	1	5	4	4	4	5	4	3	5	4	4
19	67	185	7	1	NA	NA	1	2	1	1	1	1	2	1	5	5	1	2	4	2	3	5	5	3	3	4	3	5
23	66	175	7	1	NA	NA	1	1	NA	2	2	1	3	3	2	4	3	4	2	7	6	6	5	2	2	7	5	6
27	50	152	3	2	1	13	1	1	NA	2	1	1	5	2	2	3	2	2	7	2	2	1	4	4	7	5	6	4
19	55	170	6	2	NA	12	1	2	2	3	1	2	4	5	2	4	3	1	4	8	8	8	8	8	1	1	5	8
22	59	174	7	2	1	13	1	1	NA	4	5	5	5	5	1	3	2	3	4	4	4	6	6	6	4	4	4	4
22	61	162	8	2	1	12	1	1	NA	2	1	1	2	3	4	2	2	1	3	2	2	2	2	1	2	4	4	5
18	64	170	3	2	2	15	4	2	3	1	1	1	4	2	3	3	2	1	3	2	4	5	3	4	5	6	3	4
18	60	167	6	2	1	14	1	2	3	1	1	1	4	1	4	2	2	2	2	6	5	5	4	4	4	6	4	7
18	54	173	6	1	NA	NA	1	2	1	1	1	1	3	1	3	5	2	2	6	3	2	3	5	3	6	3	4	6
19	69	196	7	1	NA	NA	1	1	NA	2	1	1	5	4	2	3	2	2	3	3	4	5	4	3	6	7	3	6
24	62	165	7	2	1	14	1	1	NA	2	1	1	5	3	2	3	2	1	3	7	4	6	2	4	2	6	3	7
21	52	165	7	2	1	11	1	1	NA	2	1	1	4	2	4	2	1	1	2	6	5	5	2	3	3	4	5	6
21	65	178	7	2	2	12	2	1	NA	2	2	1	5	2	3	3	2	2	6	5	3	2	6	7	6	5	4	4
22	63	165	7	2	1	12	1	1	NA	2	1	1	4	2	3	2	2	2	3	6	4	1	4	4	5	3	4	6
21	62	168	7	2	1	14	1	2	1	2	2	1	5	2	4	2	2	2	6	4	4	4	4	5	4	5	3	5
27	192	171	6	1	NA	NA	1	1	NA	2	3	2	5	4	1	1	3	1	1	7	3	1	2	5	2	6	7	6
18	89	193	7	1	NA	NA	1	2	3	2	1	1	2	2	3	4	3	3	3	4	4	5	4	4	3	6	3	6
19	77	189	6	1	NA	NA	3	1	NA	2	1	1	3	3	4	4	2	2	5	3	5	5	5	4	5	5	5	4
25	58	165	5	2	1	13	1	1	NA	2	1	1	4	1	5	2	1	1	3	6	6	7	2	2	2	3	4	5
17	72	183	6	1	NA	NA	1	2	3	1	1	1	5	4	3	4	2	1	3	7	4	2	5	6	3	6	7	7
20	68	181	8	1	NA	NA	1	1	NA	2	1	1	5	5	2	4	2	2	1	2	7	7	7	2	2	5	3	6
19	53	165	6	2	1	13	1	1	NA	2	2	1	3	3	3	2	1	2	6	4	3	3	5	5	5	5	4	5
25	75	186	7	1	NA	NA	1	2	2	1	1	1	4	5	2	3	3	3	4	2	4	4	5	6	2	6	4	5
22	60	168	7	2	1	11	1	1	NA	2	2	2	3	1	3	2	2	1	5	3	2	4	5	4	5	7	3	6
26	53	170	8	2	1	14	1	1	NA	3	3	2	4	4	1	2	2	1	5	4	4	4	4	4	5	5	4	4
22	46	160	7	2	1	15	1	1	NA	2	2	3	1	2	5	3	3	3	6	4	3	3	4	4	6	6	4	4
26	70	181	5	2	1	13	1	2	3	1	2	2	5	2	3	2	2	2	2	4	2	1	3	2	2	4	3	7
21	59	168	9	2	2	13	1	1	NA	2	2	1	3	1	5	1	1	2	3	6	7	6	7	7	2	2	7	2
18	84	183	7	1	NA	NA	3	2	2	1	1	1	5	5	1	4	4	3	6	3	6	1	1	7	8	6	7	2
29	76	178	6	1	NA	NA	1	2	1	1	1	1	4	5	1	5	4	5	7	6	3	3	5	5	7	5	7	3
21	77	179	8	1	NA	NA	1	2	3	1	1	1	2	4	5	5	4	5	2	6	1	7	5	2	7	7	2	7
25	85	173	4	2	2	14	1	1	NA	2	5	5	5	5	1	3	3	2	7	2	2	3	5	8	7	6	2	6
24	53	160	8	2	1	12	1	2	1	2	1	1	4	2	3	4	3	3	2	6	5	5	3	2	3	5	5	7
25	62	176	8	2	1	12	1	1	NA	3	4	3	4	3	2	3	2	2	8	2	3	2	5	4	4	5	4	6
19	72	168	4	2	2	13	1	2	1	1	1	1	1	1	5	4	2	2	3	2	1	6	3	5	7	8	2	8
21	64	167	8	2	1	11	1	1	NA	3	4	2	5	4	1	2	2	2	5	6	3	2	4	3	3	6	4	7
19	40	156	5	2	2	14	2	1	NA	2	2	1	4	5	2	3	2	2	5	2	2	2	4	5	7	7	4	5
33	87	185	6	1	NA	NA	1	1	NA	2	4	4	4	3	1	3	2	1	3	4	2	3	3	3	2	7	5	6
18	56	164	3	2	2	13	1	2	3	1	1	1	3	3	3	2	1	1	6	5	3	5	6	3	4	6	2	6
23	60	180	9	2	1	16	4	2	1	2	2	1	3	1	5	4	3	4	5	2	2	3	5	7	5	6	3	4
18	75	184	6	1	NA	NA	4	1	NA	2	1	1	5	5	1	4	3	3	3	5	2	3	6	5	5	6	3	7
23	65	173	6	1	NA	NA	1	2	1	1	1	1	4	4	5	4	2	2	3	2	4	5	5	4	4	4	4	5
18	48	156	4	2	2	11	1	2	3	1	1	1	5	2	2	3	2	2	6	5	2	2	5	6	6	4	3	6
19	47	155	7	2	NA	13	1	2	3	1	1	1	1	3	5	2	1	1	8	8	5	4	4	4	4	4	5	5
25	59	172	8	2	1	11	1	1	NA	2	1	1	3	2	4	2	1	1	4	3	4	4	5	5	6	5	4	5
23	49	172	9	2	1	14	2	2	2	4	1	4	5	5	1	5	4	4	8	4	8	1	8	8	8	5	4	4
21	57	168	7	2	2	11	1	1	NA	2	1	1	4	4	2	1	1	1	6	2	5	3	5	3	4	5	5	5
23	63	163	5	2	2	11	1	2	1	1	1	1	2	1	5	5	3	4	3	6	3	5	3	3	2	5	4	6
23	82	181	7	1	NA	NA	1	1	NA	2	1	1	5	4	4	2	1	2	2	4	4	2	6	2	2	5	2	7
23	58	172	7	2	1	12	1	2	3	3	1	3	4	2	2	2	3	2	6	6	3	5	2	3	6	7	3	6
18	62	180	6	1	NA	NA	1	2	2	1	1	1	4	4	3	4	2	3	4	4	4	5	5	4	4	4	4	5
19	57	177	7	1	NA	NA	1	2	1	4	3	3	5	5	1	4	4	3	2	3	4	4	5	5	2	6	6	5
23	95	182	6	1	NA	NA	1	1	NA	2	3	2	2	4	4	5	2	2	1	1	6	8	8	1	1	6	3	8
23	62	178	6	2	2	12	1	2	1	1	1	1	4	2	4	2	2	1	7	3	3	3	5	6	6	6	4	5
19	67	171	6	2	1	15	1	1	NA	2	1	1	3	1	4	1	2	1	2	2	3	5	4	3	5	4	3	7
29	60	177	7	2	1	14	1	2	1	1	1	1	4	3	3	3	2	2	5	4	4	4	4	5	5	5	5	5
21	54	163	7	2	NA	15	1	2	1	1	1	1	1	1	5	2	1	2	4	1	4	4	5	6	3	6	5	6
22	69	178	7	2	1	16	1	1	NA	2	1	1	1	2	5	1	1	1	6	5	3	2	3	2	3	5	2	4
20	65	173	6	2	1	13	1	1	NA	2	2	2	4	1	3	2	2	1	6	3	7	2	3	6	5	7	6	6
23	60	178	7	2	1	13	1	1	NA	2	4	2	3	3	5	2	1	1	6	4	3	3	3	4	3	6	3	3
23	49	163	7	2	1	16	1	1	NA	2	2	2	3	1	4	2	1	1	6	4	4	4	4	5	7	4	4	7
19	57	168	7	2	1	13	4	2	1	1	1	1	4	2	5	3	1	1	2	2	1	4	2	6	5	6	2	1
21	70	170	7	2	2	13	3	2	1	1	1	1	5	4	1	2	2	1	3	3	3	2	5	4	3	6	4	6
27	80	188	7	1	NA	NA	1	1	NA	2	1	1	4	2	2	5	3	5	3	3	2	5	5	5	3	3	3	6
25	73.5	187	8	1	NA	NA	1	2	1	2	1	1	4	4	2	2	2	1	5	4	3	5	6	4	6	5	6	6
24	63	172	4	2	1	14	1	1	NA	2	4	4	5	1	1	3	3	2	3	2	4	4	5	4	5	5	4	6
19	56	165	8	2	1	12	1	1	NA	2	1	1	3	2	4	2	1	1	4	3	4	3	4	4	5	3	4	4
22	61	156	4	2	1	13	1	2	1	1	2	1	4	3	4	3	4	2	5	4	6	5	5	6	2	6	3	5
21	75	172	7	2	1	15	1	2	3	1	1	1	5	4	4	2	2	1	2	7	2	4	3	4	4	5	3	6
21	82	162	6	2	1	13	2	2	1	1	1	1	5	4	2	2	2	2	6	3	3	2	5	6	4	6	2	7
24	80	185	8	1	NA	NA	1	2	1	3	3	4	4	3	2	5	5	5	2	7	5	5	8	3	1	4	2	6
26	86	168	6	2	2	12	1	2	1	1	1	1	5	5	4	4	2	3	5	4	2	2	6	6	6	6	2	2
20	71	192	7	1	NA	NA	1	2	1	1	1	1	5	4	2	2	3	3	3	7	6	3	6	4	5	6	2	5
20	80	185	7	1	NA	NA	1	1	NA	2	1	1	4	2	2	3	2	2	2	2	6	6	7	2	2	3	3	6
21	55	170	6	2	1	12	1	1	NA	2	1	1	4	2	3	2	2	2	7	2	2	2	7	2	7	7	2	5
21	62	187	8	1	NA	NA	1	1	NA	2	1	1	4	4	1	4	2	4	4	5	5	6	6	4	3	4	4	7
24	74	166	7	2	1	14	1	2	1	2	1	2	4	3	2	3	3	2	3	2	1	2	4	4	5	6	3	3
19	80	163	2	2	1	12	1	2	1	1	1	1	3	3	4	3	3	2	1	1	3	6	1	1	1	8	1	8
18	65	179	5	2	1	14	1	2	3	1	1	1	3	2	4	3	3	3	5	3	4	5	3	6	2	6	3	2
23	67	170	6	2	1	12	1	2	3	2	2	1	4	2	3	3	2	2	7	2	4	5	3	7	3	7	2	7
27	82	150	7	2	1	9	1	1	NA	4	4	4	4	3	4	3	3	2	4	1	5	4	8	6	6	5	2	1
24	85	190	7	1	NA	NA	3	2	2	4	5	4	5	5	1	4	3	5	6	4	4	1	6	6	7	5	8	2
26	82	180	6	1	NA	NA	1	1	NA	2	1	1	2	1	2	3	2	3	3	5	2	2	3	6	4	7	5	5
20	56	174	6	2	1	13	1	2	3	1	1	1	4	1	4	1	1	1	4	4	6	4	4	5	4	5	4	6
26	51	150	7	2	1	12	1	1	NA	2	4	5	4	2	3	4	4	3	6	4	4	4	5	6	4	5	4	4
18	70	172	6	2	2	13	1	2	3	2	2	2	2	1	4	3	2	2	3	4	5	4	5	4	6	4	4	6
24	58	170	7	2	1	14	1	2	1	3	3	4	4	4	2	2	3	2	6	3	3	3	6	3	6	6	4	7
22	85	188	6	1	NA	NA	1	1	NA	2	1	1	4	3	1	2	1	1	8	8	8	8	8	8	8	5	4	4
26	72	177	8	2	1	13	1	2	1	2	3	2	4	4	3	4	3	2	7	4	4	4	5	7	5	5	4	5
23	59	178	7	2	1	13	1	1	NA	2	1	1	3	1	2	2	1	2	5	2	3	4	5	2	3	6	4	5
26	81	184	7	1	NA	NA	1	2	1	5	5	5	5	5	1	5	4	4	4	5	5	5	5	4	4	5	4	5
20	74	168	4	2	2	12	1	2	1	1	1	1	4	1	2	4	2	3	6	3	3	4	6	6	6	6	3	6
22	53	173	3	2	1	14	1	1	NA	2	1	1	5	3	1	2	1	1	6	4	4	3	5	6	6	5	4	3
20	104	186	6	1	NA	NA	1	1	NA	2	3	2	3	1	4	2	1	1	5	2	2	4	5	3	2	7	3	6
23	80	186	7	1	NA	NA	3	1	NA	2	1	1	3	2	4	2	2	1	6	2	4	3	2	6	6	6	8	2
18	65	172	7	2	1	14	1	2	2	1	1	1	4	4	3	4	4	4	8	1	1	1	8	8	1	5	4	5
19	57	173	7	2	1	12	1	2	3	2	1	1	5	3	1	3	2	2	5	2	3	2	5	5	6	6	3	5
23	69	175	7	1	NA	NA	1	2	3	3	3	2	4	3	2	5	4	5	3	2	3	4	7	6	3	2	3	6
28	82	172	6	2	1	13	1	1	NA	2	5	3	4	5	1	1	1	1	4	4	4	4	5	5	4	5	4	5
20	55	163	7	2	1	14	1	1	NA	3	1	1	2	2	2	2	1	1	4	3	4	2	5	5	4	5	3	5
21	75	152	3	2	1	10	1	1	NA	2	1	1	3	2	3	2	2	1	6	3	3	3	6	2	3	6	2	6
22	75	185	7	1	NA	NA	1	2	3	1	2	3	5	5	1	2	3	1	3	6	5	4	5	3	2	4	3	7
25	60	175	7	2	1	14	1	1	NA	2	1	1	3	2	4	2	2	2	5	4	3	2	4	7	5	7	4	6
19	62	167	7	2	1	15	2	1	NA	2	1	1	1	1	5	1	1	1	4	4	4	5	5	4	5	5	4	5
23	71	177	7	2	1	14	1	1	NA	2	5	4	2	2	2	2	2	2	2	2	3	4	3	3	2	5	5	5
23	70	170	8	2	2	12	2	2	1	4	4	3	4	4	2	1	1	1	8	5	4	1	3	4	5	5	4	4
20	60	165	2	2	1	12	1	1	NA	2	2	1	3	1	5	2	1	1	7	2	2	1	5	5	5	5	4	5
19	85	172	6	2	1	11	1	2	1	1	1	1	4	3	3	2	2	3	5	4	3	3	6	4	6	6	2	5
21	70	188	7	1	NA	NA	1	2	1	2	1	1	4	2	1	3	2	3	6	6	7	5	2	3	3	6	3	3
30	68	180	7	1	NA	NA	1	1	NA	2	3	3	4	4	3	4	2	4	4	6	4	4	5	3	3	6	3	6
23	118	186	6	1	NA	NA	2	1	NA	2	4	4	5	2	4	4	4	4	4	3	5	6	6	3	3	3	2	5
19	59	162	7	2	1	11	1	1	NA	1	1	1	2	2	4	2	2	1	5	4	6	3	3	5	6	6	3	3
21	80	178	4	1	NA	NA	1	2	1	1	1	1	4	4	3	3	2	3	3	2	5	5	4	3	6	2	6	2
21	54	161	6	2	2	12	1	1	NA	2	2	1	4	4	2	2	1	1	3	2	3	3	5	5	6	5	4	5
23	51	167	7	2	1	13	1	2	3	2	2	1	4	2	2	2	2	1	6	4	4	4	4	5	3	6	3	6
18	65	171	6	2	1	12	1	2	1	1	1	1	2	2	2	3	2	1	6	4	3	3	5	3	5	6	3	6
21	54	158	4	2	2	16	1	2	3	1	1	1	1	1	5	1	1	1	7	4	3	4	5	5	5	5	4	4
22	66	176	8	2	1	13	1	1	NA	2	1	2	4	3	2	2	2	2	6	2	3	3	6	6	6	6	2	4
26	68	172	8	2	1	13	1	1	NA	2	5	4	3	1	2	3	2	2	6	3	3	2	5	7	6	6	4	2
21	70	176	8	1	NA	NA	1	1	NA	2	1	1	5	4	2	4	3	3	5	3	3	2	6	2	5	6	3	3
18	52	165	7	2	1	14	1	2	1	3	2	3	5	2	2	4	4	1	7	5	4	4	4	3	4	6	3	6
28	73	173	6	2	1	14	1	2	3	1	1	1	3	1	5	2	1	2	4	5	4	3	4	4	4	5	4	5
28	83	175	6	1	NA	NA	2	2	2	1	3	3	5	5	1	5	5	5	1	1	1	1	8	8	8	1	8	1
28	47	165	6	2	1	13	1	1	NA	2	1	1	2	1	5	2	1	1	4	5	3	4	4	4	5	5	4	5
39	60	160	7	2	2	12	1	1	NA	2	4	4	4	4	2	4	2	2	8	2	1	4	7	6	7	7	4	1
19	76	196	6	1	NA	NA	3	2	1	1	1	1	4	2	2	4	3	4	5	4	3	3	3	6	7	5	8	4
25	85	194	8	1	NA	NA	2	1	NA	4	5	5	5	5	1	5	4	3	1	7	1	4	2	7	1	3	6	1
36	68	189	7	2	1	12	1	1	NA	3	2	2	3	1	4	2	1	2	2	5	5	4	4	4	5	4	4	5
21	52	172	6	1	NA	NA	1	2	1	1	1	1	4	3	1	5	5	5	5	6	3	4	3	5	6	3	5	4
22	70	181	7	1	NA	NA	1	2	1	2	3	1	2	2	4	4	4	2	2	7	7	7	7	1	8	7	1	2
22	65	173	7	2	1	13	1	1	NA	3	5	4	5	5	1	4	2	2	4	2	4	5	2	3	4	4	4	2
23	60	156	6	2	2	13	1	1	NA	3	2	2	3	4	2	5	2	2	3	4	5	3	3	2	5	6	2	7
27	60	169	5	2	2	11	1	1	NA	5	3	5	5	4	1	3	4	1	6	6	6	6	7	3	3	7	4	4
19	75	179	7	1	NA	NA	1	2	2	3	2	3	5	5	1	4	3	2	4	1	7	7	3	6	3	3	6	6
26	63	178	8	1	NA	NA	1	2	1	2	3	3	3	4	3	4	4	4	2	4	4	4	4	5	4	6	5	3
25	65	164	7	2	1	11	1	1	NA	3	2	3	4	4	2	3	2	2	6	4	4	3	4	4	4	4	3	6
19	59	170	7	2	1	12	1	2	2	3	3	3	5	5	2	5	4	3	1	3	3	1	4	4	6	7	4	5
26	58	168	7	2	2	13	1	1	NA	2	3	4	5	4	2	2	2	1	4	5	5	3	5	5	4	5	4	5
21	60	163	7	2	1	12	1	1	NA	2	1	1	4	2	3	2	2	1	8	1	1	3	6	2	7	5	3	4
18	60	163	7	2	1	13	1	2	1	1	1	1	3	2	4	2	2	1	7	2	3	2	2	6	4	6	3	5
56	98	170	6	1	NA	NA	1	1	NA	2	1	3	3	3	2	3	2	3	3	7	4	4	3	5	2	1	5	4
25	62	169	6	2	1	12	1	1	NA	2	1	1	3	2	4	3	2	3	7	4	4	3	4	6	6	5	4	3
21	48	157	6	2	2	12	2	2	1	1	1	1	4	3	2	4	4	2	2	5	3	4	3	6	3	6	3	5
22	67	170	7	2	1	12	1	1	NA	2	3	1	4	1	3	2	2	1	1	2	2	8	8	5	1	8	1	8
32	70	180	6	1	NA	NA	1	2	1	3	5	5	1	5	3	4	4	3	1	6	4	3	3	5	2	7	4	7
22	53	161	5	2	2	13	4	2	1	1	1	1	3	1	4	3	2	2	5	3	2	5	5	5	4	4	3	5
23	78	195	7	1	NA	NA	1	1	NA	2	2	3	4	5	3	5	2	4	3	3	5	6	3	5	3	5	3	5
29	72	175	8	1	NA	NA	1	1	NA	2	1	2	5	5	3	4	2	4	1	5	5	4	8	4	1	1	5	5
26	77	164	6	2	1	16	1	1	NA	2	1	1	4	2	5	2	1	1	2	4	4	4	5	5	4	5	4	2
21	53	166	6	2	1	13	1	2	1	3	3	3	4	2	2	3	3	2	6	3	3	3	5	6	5	5	2	5
24	65	169	6	2	2	13	2	2	2	5	5	5	5	5	1	5	4	3	2	5	1	1	4	3	5	8	1	3
22	63	173	5	1	NA	NA	1	2	3	1	1	1	3	4	3	4	2	3	3	6	4	3	3	2	2	5	7	6
25	80	173	5	2	1	12	1	1	NA	2	3	3	5	3	2	4	2	4	2	3	1	1	2	7	4	4	2	3
20	80	165	6	2	2	14	1	2	3	1	1	1	1	1	5	1	1	2	2	4	4	3	6	8	6	7	4	8
20	65	157	7	2	1	13	1	2	2	1	1	1	5	3	2	3	3	2	5	6	3	2	4	5	5	6	5	6
20	75	168	6	2	1	13	3	2	3	1	1	1	4	2	5	1	1	1	2	5	4	2	4	4	2	2	4	5
21	55	161	8	2	1	14	1	2	2	4	3	4	4	4	2	3	3	2	5	4	5	4	3	6	3	6	4	5
28	53	165	9	2	2	14	1	1	NA	2	1	1	5	3	2	4	2	3	4	2	1	2	5	8	7	8	2	5
20	76	187	6	1	NA	NA	1	1	NA	3	3	3	4	4	1	4	3	1	3	2	2	2	7	2	2	6	7	7
19	60	177	7	2	1	14	1	2	1	1	1	1	4	5	2	4	2	2	6	3	3	3	3	3	6	7	3	6
18	69	172	6	2	2	13	1	2	1	1	1	1	4	3	3	3	2	3	2	6	3	3	4	2	2	5	4	6
22	45	158	7	2	2	12	1	2	1	2	1	1	2	1	3	3	2	1	5	1	1	1	5	7	5	6	4	3
27	47	165	8	2	NA	13	2	2	1	1	3	3	4	3	4	4	2	2	4	2	3	2	5	6	7	6	3	3
22	65	165	6	2	1	13	1	2	2	4	1	3	3	4	3	4	3	1	3	3	2	2	6	8	8	5	4	6
19	71	183	5	2	2	15	1	2	1	1	1	1	2	1	4	2	2	1	7	1	2	1	7	7	7	7	3	2
23	60	168	7	2	1	13	1	1	NA	2	1	1	3	2	2	3	2	3	5	3	2	3	7	5	6	6	1	5
20	62	163	8	2	2	11	1	2	1	1	1	1	5	4	5	4	3	1	5	3	2	4	6	5	7	5	3	7
21	47	170	8	2	1	14	1	2	1	1	1	1	4	3	2	1	1	1	2	4	3	2	3	5	6	6	2	3
21	65	180	5	1	NA	NA	1	1	NA	2	3	3	4	4	2	3	2	2	3	3	4	4	4	4	4	5	4	4
71	85	178	7	1	NA	NA	1	1	NA	2	3	3	4	4	1	2	2	2	1	1	1	5	6	2	1	7	1	7
20	75	188	5	1	NA	NA	1	2	3	1	1	1	4	3	2	2	2	1	2	1	4	6	3	3	2	3	2	7
23	60	175	7	1	NA	NA	1	1	NA	2	4	3	2	1	2	3	2	3	2	5	5	6	6	3	1	3	3	5
23	60	168	7	2	2	16	1	2	3	1	2	3	4	4	2	3	3	3	4	4	4	3	3	5	5	5	3	6
31	73	173	7	1	NA	NA	3	1	NA	2	4	5	1	4	1	4	4	4	6	4	5	3	3	8	8	5	8	2
27	63	196	7	1	NA	NA	1	1	NA	2	1	1	5	5	1	4	2	2	5	3	5	4	4	4	4	5	4	5
25	73	170	7	2	1	16	1	1	NA	2	4	4	5	5	1	2	2	1	6	1	3	5	4	3	6	5	5	2
26	54	168	7	2	1	15	1	1	NA	2	1	1	5	2	2	2	2	2	5	4	3	3	4	5	6	6	5	7
29	58	160	7	2	2	12	1	1	NA	2	4	4	5	4	1	4	3	2	5	4	3	3	5	5	6	7	5	5
34	61	164	6	2	1	15	1	1	NA	2	4	5	5	4	2	3	2	1	7	4	3	3	3	5	6	6	3	5
22	53	168	6	2	1	11	1	1	NA	2	1	1	2	1	4	1	1	1	5	2	3	2	5	4	3	4	3	6
32	77	164	6	2	2	11	1	2	1	1	2	1	1	1	5	3	2	4	6	6	4	2	2	2	2	6	4	6
21	56	174	8	2	1	11	1	2	1	1	1	1	3	2	1	4	3	2	6	4	4	3	4	4	4	6	3	5
23	64	157	5	2	1	11	1	2	3	1	1	1	4	1	5	2	2	1	2	5	4	4	4	3	4	2	5	7
23	70.9	184	7	1	NA	NA	1	1	NA	2	1	1	2	1	5	4	4	4	3	6	4	4	5	3	3	6	2	6
18	86	176	7	2	2	12	2	1	NA	2	1	1	4	3	2	2	1	2	7	3	3	4	4	6	5	3	2	3
23	51	155	7	2	1	13	1	1	NA	2	4	4	3	3	3	2	2	2	4	5	4	5	4	4	5	5	4	5
20	58	163	7	2	1	13	1	1	NA	3	1	1	3	2	3	2	2	1	3	4	2	3	4	4	6	7	3	7
28	65	170	7	2	1	13	1	1	NA	2	2	2	4	3	2	3	2	2	4	2	3	2	5	6	6	6	3	1
24	77	173	7	1	NA	NA	1	1	NA	2	2	1	5	2	2	2	2	3	3	7	4	5	4	2	1	5	3	8
24	67	168	7	2	1	13	1	1	NA	2	2	2	3	1	2	1	1	1	6	4	3	3	5	4	6	5	3	3
22	105	172	4	2	2	13	1	2	1	1	1	1	2	1	3	2	2	2	6	2	1	2	7	7	6	7	1	4
41	69	167	9	1	NA	NA	1	1	NA	3	3	4	1	1	4	2	2	2	2	2	2	2	2	2	2	2	2	2
22	51	164	8	2	2	12	1	2	3	3	1	3	4	2	3	4	4	2	5	5	4	4	4	3	6	5	3	5
22	54	172	8	2	2	13	1	1	NA	2	3	1	4	3	4	2	2	1	2	4	3	4	4	3	2	6	2	7
23	75	165	3	2	1	12	1	1	NA	2	1	2	3	3	3	2	2	2	2	7	8	7	2	2	7	8	3	7
21	75	179	7	1	NA	NA	1	2	3	1	1	1	3	2	4	3	2	2	3	5	4	6	5	2	4	5	3	5
19	58	173	7	2	1	12	4	2	3	1	1	1	3	1	5	1	1	1	4	4	3	3	4	5	5	5	4	5
18	56	158	6	2	1	13	1	2	1	1	1	1	2	1	5	4	3	3	2	5	2	2	6	3	5	6	4	6
23	52	160	6	2	1	12	1	2	1	4	3	3	3	2	4	2	2	1	6	2	4	5	2	5	2	6	3	5
24	65	170	7	1	NA	NA	1	1	NA	2	1	1	1	1	5	4	3	3	4	6	4	5	5	4	4	6	4	3
22	69	175	6	1	NA	NA	1	2	3	1	1	1	2	2	4	3	3	3	4	6	6	7	3	5	3	6	2	6
21	68	168	7	2	1	13	1	2	3	3	3	3	3	3	2	4	3	4	2	2	2	2	2	5	3	4	3	6
20	75	162	6	2	1	12	1	2	1	2	4	4	5	5	1	3	2	2	3	2	2	7	2	2	7	6	5	8
18	75	185	4	1	NA	NA	1	2	1	1	1	1	3	3	1	5	1	4	2	2	3	4	6	5	2	3	1	5
23	70	192	7	1	NA	NA	1	1	NA	2	3	3	5	5	1	5	3	2	3	6	3	3	6	6	4	6	3	3
21	62	168	6	2	1	13	1	1	NA	2	1	2	5	4	1	2	2	1	8	3	5	2	2	4	6	5	4	3
23	51	173	7	2	2	11	2	1	NA	2	4	2	4	4	2	3	2	2	8	1	1	1	1	8	8	8	1	1
23	58	169	7	2	2	12	3	1	NA	2	1	1	4	4	2	4	3	2	6	4	3	3	4	4	4	3	5	4
22	76	170	6	2	1	11	1	1	NA	2	1	1	4	2	4	2	2	2	6	2	3	3	3	4	4	5	5	4
37	75	168	7	2	1	14	1	1	NA	2	1	1	3	2	1	2	2	1	4	7	2	3	6	1	1	5	1	3
39	70	157	6	2	2	12	1	2	1	2	1	1	4	1	4	2	2	1	6	3	3	3	4	4	6	6	4	5
18	75	185	8	1	NA	NA	1	2	1	1	1	1	2	2	3	3	2	3	4	5	4	5	5	4	4	5	4	5
25	52	167	7	2	2	11	1	2	3	2	1	2	4	1	2	3	2	2	3	3	3	4	3	5	6	5	3	4
24	80	174	6	2	2	13	1	2	1	1	1	1	4	2	4	3	1	2	5	3	3	4	5	4	6	4	3	3
25	54	173	7	2	2	14	1	2	1	1	1	1	4	2	3	3	1	3	5	3	2	2	6	7	8	6	4	3
25	66	177	7	2	1	13	1	2	1	3	2	2	4	4	1	3	3	2	4	6	6	2	2	6	2	6	4	7
20	50	158	7	2	1	10	1	2	2	3	1	2	3	3	1	2	3	1	5	3	5	4	3	3	6	6	3	8
19	68	182	7	1	NA	NA	3	1	NA	2	1	1	4	2	2	4	2	4	3	2	4	5	2	6	7	7	3	2
25	70	171	7	2	1	13	1	1	NA	2	1	1	5	5	3	2	1	1	2	2	2	3	5	7	5	6	4	2
20	55	165	7	2	1	16	1	2	1	2	1	1	2	1	5	2	3	1	4	3	3	3	6	4	4	5	5	5
30	68	172	6	1	NA	NA	1	2	1	4	4	4	5	4	2	5	5	5	4	3	4	5	5	4	4	5	4	5
19	73	176	6	2	1	12	1	2	3	1	2	1	5	2	4	1	2	1	4	5	4	4	4	4	5	5	4	4
24	86	165	5	2	2	11	1	2	3	1	1	1	1	1	4	5	3	1	7	2	4	4	4	5	4	6	4	3
31	72	170	7	2	2	12	1	2	1	2	3	5	5	5	1	4	2	2	6	3	3	3	5	3	6	6	3	5
19	118	182	4	1	NA	NA	2	2	1	1	1	1	4	3	1	3	3	4	8	5	4	1	5	1	5	8	1	1
22	81	190	8	1	NA	NA	3	2	3	4	4	5	3	3	5	4	4	4	3	3	2	2	3	5	6	5	6	1
23	67	167	6	2	1	13	1	2	3	1	1	1	5	1	5	2	2	1	5	4	2	2	3	5	6	5	3	2
23	57	171	6	2	1	15	1	1	NA	2	3	1	4	2	3	2	2	2	2	2	1	1	1	4	2	7	2	5
21	60	174	7	2	1	16	1	1	NA	3	3	2	4	4	3	2	2	2	2	4	3	6	3	3	3	3	4	6
23	52	162	7	2	1	13	1	1	NA	2	3	1	3	2	4	1	1	1	3	1	1	1	5	7	5	7	4	5
20	72	184	7	1	NA	NA	1	2	1	1	2	1	2	1	4	4	1	1	5	2	3	4	3	2	4	5	1	2
21	54	167	7	2	2	16	1	2	3	1	1	2	5	5	1	4	4	4	4	4	2	2	3	4	5	4	3	6
33	77	175	7	1	NA	NA	1	2	2	5	5	5	4	2	2	3	2	3	2	6	2	7	2	2	1	4	5	5
47	58	158	8	2	2	11	3	1	NA	2	1	1	3	3	2	2	2	2	4	5	5	5	4	5	4	5	5	5
57	74	175	5	2	2	15	1	1	NA	2	1	2	4	2	3	2	2	2	8	1	1	4	5	4	1	8	4	8
28	59	160	8	2	1	12	2	1	NA	2	5	5	5	4	2	2	3	1	2	5	3	2	6	4	7	7	4	4
29	62	166	7	2	2	11	1	1	NA	2	2	1	3	4	3	4	3	2	6	5	3	5	6	6	6	6	3	4
19	71	156	6	2	1	14	1	2	1	3	1	2	3	2	4	1	1	1	6	4	3	2	5	6	6	6	4	6
29	70	189	8	1	NA	NA	1	1	NA	2	3	3	5	5	1	5	3	4	3	3	5	2	6	2	7	7	4	8
20	60	175	7	2	1	14	1	2	3	2	2	2	3	2	2	2	2	2	4	3	5	4	3	3	6	6	3	6
23	59	180	8	2	1	15	1	1	NA	2	1	1	5	2	3	2	2	2	7	4	5	3	4	5	5	5	4	4
23	59	162	5	2	1	12	1	2	3	2	2	1	5	1	4	2	2	2	1	5	4	4	5	4	5	5	4	1
18	69	182	6	1	NA	NA	2	2	2	1	2	2	5	4	1	3	3	2	2	7	6	7	3	2	1	7	2	7
24	70	168.5	5	2	1	14	1	1	NA	2	1	1	4	4	3	2	2	2	4	5	4	4	4	4	5	5	4	4
20	69	169	7	2	1	14	1	1	NA	2	3	3	4	5	2	2	3	1	4	8	1	1	1	1	6	5	5	6
23	60	173	7	2	1	11	1	1	NA	2	1	1	1	1	3	3	2	2	4	4	4	5	3	5	5	5	4	5
49	54	166	6	2	1	17	1	2	3	1	2	1	4	1	3	2	2	2	1	3	4	5	2	3	2	5	3	6
19	56	175	8	2	2	12	1	2	1	1	1	1	5	4	3	2	1	1	3	3	3	3	6	3	5	5	4	3
18	76	182	5	2	1	12	1	2	3	2	3	3	4	1	2	2	2	1	4	5	5	4	6	4	5	3	3	5
22	74	171	7	2	2	13	1	2	1	2	1	2	4	4	3	4	4	4	5	2	2	3	5	6	5	5	4	3
19	63	173	7	2	2	11	1	2	1	2	3	3	5	3	3	4	3	1	4	8	5	5	4	4	4	3	4	4
32	55	160	8	2	1	11	1	1	NA	2	3	5	4	3	1	2	1	2	7	3	5	6	5	6	5	5	4	4
23	76	193	7	1	NA	NA	1	1	NA	2	2	1	2	3	3	4	2	3	3	2	3	6	7	4	2	3	2	4
27	54	172	7	2	1	13	1	1	NA	2	1	1	5	3	2	2	2	2	4	3	2	1	7	6	4	8	3	2
21	50	155	6	2	1	16	1	1	NA	2	1	1	2	2	4	1	2	1	4	6	5	7	3	2	3	6	5	7
25	49	165	7	2	1	15	1	2	3	2	1	1	4	2	5	2	3	1	3	5	5	5	2	2	2	6	5	5
40	84	188	6	1	NA	NA	1	2	3	3	1	3	2	2	2	3	4	1	1	6	2	5	7	3	2	6	2	4
24	78	177	6	2	1	13	1	2	1	2	3	3	3	3	3	3	2	1	3	5	3	2	4	4	6	6	4	5
28	65	170	6	2	1	14	1	1	NA	3	3	3	5	2	3	2	1	1	8	4	5	2	5	6	7	8	4	7
20	82	180	6	1	NA	NA	1	2	2	2	2	2	4	3	2	3	3	2	2	5	3	3	5	3	2	6	3	5
21	58	160	6	2	1	13	1	1	NA	2	1	1	5	3	3	3	3	4	7	4	4	3	3	3	6	5	3	6
21	70	182	7	1	NA	NA	1	1	NA	3	1	3	5	4	1	2	1	2	4	3	1	2	7	2	3	5	2	5
24	75	173	7	1	NA	NA	3	1	NA	2	2	1	2	2	3	2	2	1	7	1	2	3	4	6	7	5	6	2
24	69	180	7	1	NA	NA	1	1	NA	4	4	4	4	3	1	3	3	2	2	3	2	4	3	7	6	7	6	6
40	70	170	7	2	NA	12	1	2	1	3	5	5	5	5	1	4	4	4	7	4	4	2	5	6	7	8	2	2
30	60	171	7	2	1	14	1	1	NA	2	5	5	5	5	1	2	2	1	5	3	3	3	5	6	5	6	4	4
22	64	174	5	2	1	14	1	1	NA	2	4	2	4	4	2	3	2	2	4	5	4	5	4	5	4	4	4	5
22	57	174	6	2	2	14	1	2	3	2	2	1	4	2	4	2	2	2	4	4	4	4	4	4	5	5	4	5
27	51	158	6	2	1	14	1	1	NA	1	1	1	4	4	2	2	1	1	3	2	4	3	5	6	7	5	4	8
27	80	192	7	1	NA	NA	4	1	NA	2	1	1	1	5	1	4	3	2	6	4	3	5	2	6	3	6	6	2
18	76	185	8	1	NA	NA	1	1	NA	4	2	3	5	3	1	4	3	3	2	3	4	5	5	4	4	6	3	6
23	64	165	6	2	2	12	1	1	NA	2	1	1	2	1	3	1	2	1	6	2	2	2	6	6	6	6	2	2
18	67	171	5	2	1	10	1	1	NA	3	4	4	5	5	2	1	2	1	3	4	3	4	5	4	3	5	4	5
20	65	165	7	2	1	13	1	2	1	1	1	1	4	3	2	3	2	2	3	3	5	5	4	5	5	6	5	5
22	78	193	6	1	NA	NA	1	1	NA	2	1	1	5	3	2	3	3	2	3	2	3	4	6	5	4	2	3	7
22	90	170	7	2	1	13	1	2	2	1	1	1	2	4	4	2	3	3	4	6	2	2	7	3	4	7	5	4
19	91	188	7	1	NA	NA	1	2	2	2	1	2	5	5	3	5	4	3	2	4	2	5	7	4	3	5	6	6
24	45	165	7	2	2	16	3	1	NA	3	2	2	4	3	2	2	2	2	5	6	5	4	4	4	4	5	4	5
25	65	170	7	1	NA	NA	1	1	NA	2	4	5	4	4	1	3	2	2	2	3	4	3	6	2	2	6	2	4
26	62	169	8	2	2	12	1	1	NA	2	1	3	2	1	2	2	2	1	7	3	4	2	5	5	5	7	3	3
25	77	178	6	1	NA	NA	1	1	NA	2	1	1	4	3	2	2	1	2	1	1	8	4	6	2	4	6	1	5
60	76	176	5	1	NA	NA	1	1	NA	2	1	1	3	1	4	2	2	2	4	5	5	6	3	4	3	3	4	6
27	69	170	8	2	2	13	1	1	NA	2	1	1	5	3	4	2	2	1	5	1	2	2	2	2	5	6	3	3
19	63.5	182	6	1	NA	NA	1	2	1	1	1	1	4	3	2	4	4	4	4	4	3	4	4	5	2	5	5	4
20	130	192	2	1	NA	NA	1	1	NA	2	1	1	5	5	1	5	2	2	3	3	4	4	6	2	3	2	3	7
21	55	167	6	2	2	12	1	2	3	1	1	1	3	1	5	3	1	1	4	3	4	4	3	3	6	5	4	4
31	60	170	7	2	2	13	1	1	NA	2	3	3	5	5	1	2	3	2	3	4	3	3	4	4	7	5	4	5
24	65	180	7	1	NA	NA	3	1	NA	4	2	4	5	5	2	1	1	1	6	4	4	4	3	5	6	6	6	3
26	75	190	7	1	NA	NA	1	1	NA	2	1	1	1	1	5	1	1	1	3	3	6	3	3	6	3	6	2	2
40	70	170	8	2	2	14	1	1	NA	2	3	3	5	2	1	3	2	3	2	7	5	7	2	2	2	2	7	6
26	65	170	6	2	2	14	3	2	1	3	2	2	5	4	2	1	2	2	4	5	4	5	4	4	3	3	5	5
21	59	167	7	2	1	13	1	2	3	1	2	2	3	2	4	3	2	2	5	5	3	3	3	3	3	2	5	6
22	80	187	7	1	NA	NA	1	1	NA	2	2	1	5	4	2	4	3	1	3	4	4	5	5	4	4	3	4	6
24	70	187	6	1	NA	NA	2	2	3	1	1	1	5	3	2	4	2	2	3	5	4	3	6	3	3	5	2	2
20	55	163	7	2	1	12	1	2	1	3	3	4	5	4	2	5	3	2	3	2	5	3	4	6	7	5	4	6
24	70	180	7	1	NA	NA	1	1	NA	2	4	3	3	4	1	3	2	3	3	6	5	4	5	5	3	4	4	7
19	70	175	6	2	1	14	1	1	NA	2	2	1	4	3	2	2	2	2	3	4	2	5	3	3	2	6	4	7
20	74	180	7	1	NA	NA	2	1	NA	2	4	4	4	4	1	4	3	4	3	4	2	5	4	3	7	5	5	3
24	62	161	7	2	1	11	1	1	NA	2	3	3	4	3	2	4	1	1	5	4	4	3	4	6	4	5	3	5
22	54	170	6	2	1	13	1	2	1	1	2	2	4	3	2	5	3	2	5	5	4	4	4	5	5	5	4	5
21	51	156	5	2	2	12	1	2	1	1	1	1	1	2	5	3	2	1	4	2	2	3	3	2	3	7	4	7
29	69	182	7	2	1	14	1	1	NA	2	4	5	4	4	2	2	1	2	7	4	4	4	6	6	6	5	4	3
43	85	185	7	1	NA	NA	1	1	NA	2	5	5	5	5	1	2	2	2	1	1	1	1	1	1	1	1	1	1
23	70	173	8	2	1	14	1	1	NA	2	1	1	2	1	5	2	2	1	5	6	5	3	4	3	5	6	4	7
23	76	170	7	2	1	12	1	1	NA	2	1	1	2	1	2	2	2	1	2	5	3	7	6	5	4	6	4	2
19	125	197	6	1	NA	NA	1	1	NA	3	3	1	1	1	5	2	2	2	2	6	3	3	7	7	8	8	8	6
20	71	181	6	1	NA	NA	1	2	1	1	2	1	4	4	1	4	3	2	2	3	3	6	7	4	2	4	3	6
22	62	173	7	2	2	15	1	2	3	1	1	1	2	1	3	2	2	1	6	4	2	1	6	6	5	6	3	2
22	69	189	8	1	NA	NA	1	1	NA	2	1	1	4	4	2	2	2	2	5	6	5	5	5	4	4	5	6	3
23	88	189	7	1	NA	NA	1	1	NA	2	1	1	4	4	2	4	2	4	4	3	3	6	6	6	3	6	4	3
23	65	167	7	2	1	12	1	1	NA	2	1	1	1	1	4	2	2	2	2	7	7	5	4	5	4	4	3	5
19	68	167	5	2	1	12	2	1	NA	4	3	3	5	3	1	4	2	2	5	3	4	4	6	7	5	6	4	5
20	57	168	5	2	1	16	1	2	1	1	1	1	3	3	4	4	2	2	5	3	3	2	2	5	4	4	4	6
24	82	189	7	1	NA	NA	1	1	NA	2	2	3	5	4	3	3	3	3	3	3	6	2	4	3	2	7	2	5
20	48	162	8	2	1	15	1	1	NA	2	1	1	5	5	2	2	2	1	6	4	3	3	1	5	3	6	4	2
20	61	172	6	2	1	11	1	2	1	1	1	1	5	5	3	2	2	2	3	5	3	3	6	4	4	5	5	6
24	75	180	6	2	1	12	1	2	1	1	4	3	3	3	2	3	3	2	6	4	3	5	6	6	5	5	4	5
22	53	160	7	2	1	12	1	2	1	2	1	2	2	1	4	3	2	1	3	5	5	7	4	2	2	7	4	6
20	100	182	5	2	2	14	1	2	1	1	1	1	3	2	3	3	2	1	6	3	3	5	6	4	3	5	3	6
28	55	169	6	2	2	14	1	1	NA	2	1	1	3	2	4	1	1	1	3	2	4	4	5	4	6	6	3	4
24	100	187	4	2	2	17	1	1	NA	2	2	1	4	5	1	3	2	2	6	3	3	3	5	3	3	5	4	6
21	70	172	6	2	2	13	1	2	3	1	1	1	3	3	2	2	2	2	4	5	3	3	5	3	3	5	3	3
28	78	178	6	1	NA	NA	1	1	NA	2	4	4	5	5	1	4	3	3	4	7	4	5	5	3	3	2	6	5
24	52	174	7	2	1	14	1	1	NA	2	1	1	4	3	3	2	1	1	2	5	4	4	6	7	6	7	2	7
25	97	185	6	1	NA	NA	1	1	NA	2	3	4	5	5	2	4	3	3	4	3	6	5	7	2	4	4	4	6
28	82	166	7	2	2	12	1	1	NA	2	4	4	5	5	1	2	2	1	1	1	1	8	8	1	1	8	1	8
23	60	178	7	1	NA	NA	1	1	NA	2	1	1	4	2	4	2	2	2	4	5	5	5	5	4	3	6	4	5
26	63	178	6	2	1	14	1	1	NA	2	1	1	4	2	4	2	2	2	7	3	4	3	7	6	3	5	3	4
22	60	169	7	2	1	12	1	1	NA	3	1	2	3	1	1	1	1	2	6	4	4	4	4	5	5	5	4	5
19	56	170	4	2	1	15	4	2	1	1	1	1	3	2	4	2	1	1	7	3	2	1	7	5	8	8	2	4
20	58	179	8	2	1	13	1	2	1	5	4	4	4	5	1	4	4	4	8	5	3	4	3	4	6	4	3	7
28	62	168	5	2	1	13	2	1	NA	2	1	1	5	2	2	2	2	2	3	6	6	3	3	3	3	3	6	6
20	50	172	7	2	2	11	1	1	NA	2	1	1	3	2	3	3	2	2	8	1	1	1	1	8	5	5	4	4
23	85	165	8	2	1	11	1	2	1	1	1	1	5	4	1	4	4	2	4	4	3	5	6	3	6	5	3	6
19	60	173	6	2	1	11	1	2	1	1	1	1	5	3	3	2	2	2	3	7	2	2	4	6	3	7	3	5
18	70	185	4	1	NA	NA	1	2	1	2	1	1	4	2	2	2	1	1	2	3	5	4	3	6	6	6	2	6
18	66	169	4	2	1	13	1	2	1	1	1	1	3	2	2	2	2	2	4	5	4	1	4	1	5	5	4	4
22	48	163	8	2	2	12	2	2	3	1	1	1	5	1	3	4	3	2	1	4	5	3	4	4	3	7	4	5
22	55	167	6	2	1	14	1	2	1	1	1	1	5	3	4	3	4	2	2	3	4	3	4	4	3	4	4	6
37	61	164	7	2	1	14	1	1	NA	2	1	1	1	1	2	1	1	1	4	4	4	4	4	2	4	5	4	5
20	70	172	5	2	1	12	1	2	1	1	2	1	3	1	3	3	1	2	5	3	4	3	4	3	5	5	3	3
25	87	183	7	1	NA	NA	1	1	NA	2	3	3	4	4	2	3	3	3	2	4	3	4	4	5	5	4	4	5
20	97	197	3	1	NA	NA	1	2	3	1	1	1	2	2	3	4	1	1	1	6	4	6	7	2	1	4	2	8
35	68	164	7	2	1	12	1	1	NA	2	1	1	3	2	2	3	2	3	3	4	4	6	4	4	2	6	5	3
23	62	170	5	2	1	12	1	1	NA	2	1	1	4	2	2	2	1	1	5	6	6	6	3	3	3	2	6	6
31	70	172	10	2	1	13	1	2	1	5	5	5	4	4	2	5	4	5	5	7	2	2	7	7	6	7	3	1
27	62	162	6	2	1	12	1	1	NA	2	1	1	4	2	4	2	2	3	6	3	3	3	3	3	3	6	3	6
27	75	172	4	1	NA	NA	1	2	1	3	1	3	1	5	1	5	4	5	5	4	4	3	6	3	3	6	7	3
21	59	172	5	2	1	14	1	2	1	2	2	1	2	2	3	3	2	2	5	3	3	4	5	5	5	5	4	6
22	67	162	6	2	1	14	1	1	NA	2	1	1	4	4	2	3	2	3	6	2	2	2	6	6	6	7	3	7
20	84	188	4	1	NA	NA	1	2	3	1	1	1	2	3	2	3	3	3	4	3	2	2	3	5	3	5	6	6
23	64	174	8	1	NA	NA	1	1	NA	2	2	2	3	3	4	4	3	2	4	4	4	4	4	4	3	3	3	6
24	92	187	7	1	NA	NA	1	1	NA	2	3	2	3	1	2	4	3	3	2	3	4	4	2	6	5	8	4	3
22	60	176	7	2	2	15	2	2	1	2	3	3	3	3	1	4	4	4	8	4	4	4	4	5	5	5	4	5
20	63	166	7	2	1	12	2	1	NA	2	1	1	4	2	3	2	1	1	2	4	4	3	5	4	5	5	6	6
18	60	178	6	2	1	14	1	1	NA	2	1	1	3	2	4	2	2	2	6	2	3	4	4	3	3	6	3	5
29	49	168	8	2	1	13	1	2	1	3	3	3	5	3	1	2	2	2	6	5	3	3	6	6	7	3	4	6
24	49	156	7	2	1	12	1	2	1	2	1	1	4	3	3	3	2	1	3	5	4	4	4	4	5	5	4	5
19	62	170	7	2	NA	16	1	2	1	1	1	1	2	3	4	1	1	1	6	3	4	2	7	4	4	5	3	3
25	74	168	7	2	1	11	1	2	3	2	2	2	2	1	5	2	2	1	2	7	2	1	4	5	5	6	5	6
39	63	165	7	2	1	15	1	1	NA	2	1	1	5	2	4	2	2	2	7	4	4	2	6	5	3	6	4	6
48	57	168	7	2	2	15	1	1	NA	2	4	5	5	4	2	4	2	2	3	2	3	2	5	2	6	6	3	2
36	80	180	6	2	2	12	1	1	NA	2	3	3	5	5	1	3	3	2	8	1	1	1	8	8	8	5	4	1
19	55	170	7	1	NA	NA	3	1	NA	3	1	1	5	1	1	5	4	5	8	1	1	1	4	6	7	6	6	4
25	61	172	7	2	1	11	1	1	NA	2	2	2	3	2	4	2	2	2	1	8	1	8	1	1	1	8	1	8
23	65	175	8	2	1	12	1	1	NA	2	2	1	4	2	2	2	2	2	5	3	5	2	6	3	6	4	6	5
26	63	173	6	1	NA	NA	3	1	NA	5	5	5	5	5	2	4	3	3	6	3	4	4	5	5	6	5	5	3
22	85	187	6	1	NA	NA	1	1	NA	3	4	4	4	3	2	4	3	3	3	2	1	3	5	5	6	3	3	1
25	62	173	4	1	NA	NA	1	2	1	1	2	2	2	1	4	4	2	3	3	1	3	6	5	6	5	5	4	2
24	57	155	5	2	2	12	1	1	NA	2	2	1	1	1	5	3	2	3	6	3	4	3	5	5	5	5	4	6
26	58	174	7	2	2	13	1	1	NA	2	3	2	5	5	2	3	2	2	5	3	3	3	3	2	2	6	4	4
22	91	180	5	1	NA	NA	1	2	1	1	1	1	3	1	5	2	2	3	2	2	4	7	7	3	2	7	3	7
19	60	160	6	2	1	11	1	2	2	3	2	2	5	5	2	3	4	2	6	7	3	3	3	6	2	5	4	6
41	85	176	7	1	NA	NA	1	1	NA	2	1	1	5	4	1	4	2	2	4	3	3	6	7	7	3	7	3	7
21	65	187	6	2	1	16	1	2	1	1	3	3	3	3	4	1	2	1	2	2	6	2	7	7	7	7	3	2
27	62	166	8	2	1	13	1	2	1	3	5	5	5	5	1	3	3	2	5	7	3	2	1	5	3	3	5	6
51	95	187	5	1	NA	NA	1	1	NA	2	4	4	4	4	1	4	3	3	2	7	2	7	7	2	1	1	2	8
24	70	175	10	1	NA	NA	1	1	NA	2	2	4	3	4	1	4	2	2	3	3	4	6	5	4	3	6	3	5
26	51	168	8	2	2	14	1	1	NA	2	4	2	3	1	3	4	2	1	4	4	3	3	5	5	5	5	4	4
23	70	170	8	1	NA	NA	1	1	NA	2	2	3	5	4	2	3	3	4	3	4	4	2	3	4	3	6	3	3
35	80	168	3	2	1	14	1	1	NA	2	5	5	4	1	1	2	1	2	5	5	4	4	4	5	5	4	5	4
18	60	177	6	2	1	12	1	1	NA	2	2	1	4	2	3	3	1	1	3	2	2	4	5	5	6	7	3	3
47	80	180	8	1	NA	NA	1	1	NA	4	4	4	3	4	1	4	4	3	1	7	5	5	5	4	2	6	3	5
30	52	168	7	2	2	16	1	1	NA	1	4	2	4	1	2	2	3	2	5	6	3	3	4	5	6	5	4	4
28	98	177	3	2	1	12	1	2	3	1	1	1	3	3	4	2	1	2	4	5	4	4	4	4	4	5	4	5
19	55	175	5	2	1	13	1	2	1	1	1	1	4	1	4	2	1	1	2	6	2	2	4	5	5	4	3	6
53	60	167	3	2	1	12	1	1	NA	2	1	1	2	1	4	1	1	1	3	3	6	4	4	5	4	4	4	6
21	76	168	4	2	1	14	1	1	NA	2	2	1	5	5	1	3	1	2	3	5	4	3	3	3	6	6	4	4
23	59	163	6	2	1	12	1	1	NA	2	1	1	4	2	3	2	2	2	5	2	3	2	5	6	5	5	2	2
19	60	173	6	2	2	12	1	2	3	1	1	1	2	1	4	2	2	1	4	2	4	2	5	4	4	6	2	5
23	68	180	7	2	1	13	1	2	3	2	4	4	5	2	3	2	2	1	2	6	2	1	1	7	8	7	4	6
24	78	165	7	2	1	12	1	1	NA	2	1	1	5	1	3	2	2	1	5	4	1	7	3	5	3	7	4	7
35	60	180	6	1	NA	NA	3	1	NA	5	5	5	5	5	1	4	3	3	8	4	4	1	3	4	7	5	7	6
23	58	176	7	2	1	13	3	2	1	2	2	2	2	2	4	2	3	1	3	3	5	5	5	5	5	6	3	7
19	56	176	6	2	1	14	1	2	1	3	2	1	4	2	2	4	2	1	3	4	6	3	2	1	7	4	4	7
20	62	165	6	2	1	12	1	1	NA	2	2	1	3	2	4	3	1	2	6	2	3	2	1	2	1	6	2	7
32	67	160	7	2	2	14	1	1	NA	2	3	3	4	4	3	3	3	1	6	4	4	4	5	6	6	5	5	5
21	54	164	6	2	1	12	1	1	NA	2	3	2	3	2	5	3	2	2	3	7	7	2	2	2	2	2	7	7
21	70	178	7	1	NA	NA	1	1	NA	2	2	1	1	1	5	1	1	1	2	1	4	7	7	3	1	3	2	7
29	58	178	8	2	2	16	1	2	1	1	1	1	3	1	5	1	1	1	4	8	8	3	3	5	7	7	3	6
19	83	188	8	1	NA	NA	1	2	3	1	1	1	5	5	1	5	3	4	3	2	1	2	6	4	3	7	6	3
18	60	173	6	2	2	11	1	2	1	2	2	2	2	4	3	3	2	2	3	3	5	4	3	5	3	5	5	7
23	48	163	8	2	1	12	1	1	NA	2	1	1	2	1	4	4	3	1	8	1	4	4	4	6	7	7	3	5
22	70	164	8	2	1	14	1	1	NA	2	4	4	5	4	2	4	2	2	6	4	5	2	6	3	5	7	3	2
19	57	172	6	2	1	16	1	1	NA	2	4	4	4	4	2	2	2	2	3	1	2	5	6	7	5	8	5	7
21	68	180	7	1	NA	NA	1	2	1	1	1	1	4	4	2	4	3	2	3	4	4	8	7	6	1	8	8	8
19	51	155	6	2	1	14	1	1	NA	2	2	1	3	2	3	3	1	3	6	4	4	5	4	5	4	4	4	5
26	64	160	7	2	1	13	1	1	NA	2	2	1	3	1	5	2	2	1	5	2	4	2	5	2	3	4	4	6
22	65	163	6	2	1	11	1	1	NA	2	1	2	3	5	2	2	1	1	6	4	3	4	4	5	4	5	4	5
24	67	177	7	1	NA	NA	1	1	NA	2	1	1	4	4	1	2	2	2	4	4	3	3	5	7	3	3	3	6
28	50	165	4	2	1	15	1	1	NA	2	3	3	4	1	2	1	1	1	8	5	3	1	3	5	5	5	4	5
18	79	181	7	1	NA	NA	1	2	1	3	3	3	5	1	3	4	2	1	3	5	4	6	6	3	3	4	2	6
19	70	180	6	2	1	13	1	2	1	1	1	1	5	5	2	2	2	2	7	7	1	3	2	6	6	7	4	6
22	53	158	7	2	1	14	1	1	NA	2	1	2	3	2	2	3	2	1	4	6	3	3	6	3	6	6	3	6
23	50	150	7	2	1	15	1	2	1	1	1	1	2	1	5	2	2	1	4	5	5	6	4	3	4	6	5	6
19	58	168	6	2	1	13	1	2	1	1	1	1	4	3	5	4	2	2	5	5	5	6	4	5	5	4	4	4
25	50	163	8	2	1	12	1	1	NA	2	3	3	3	4	2	2	1	1	6	4	4	2	6	5	4	5	5	6
66	89	168	4	1	NA	NA	1	1	NA	2	1	1	5	3	5	2	2	2	3	2	2	2	5	6	3	7	4	6
24	73	178	7	2	1	14	1	2	1	3	3	3	4	3	1	4	2	2	7	2	4	2	7	8	7	7	3	5
20	64	176	3	2	2	13	1	2	1	1	1	1	3	3	4	2	1	1	7	3	3	3	5	6	5	6	3	3
28	72	175	8	1	NA	NA	1	1	NA	2	3	2	5	4	1	3	2	2	5	3	3	3	3	5	2	6	4	6
22	73	182	6	1	NA	NA	4	2	3	1	1	1	5	5	1	3	3	3	6	6	3	3	6	3	7	6	4	3
18	67	172	7	2	1	15	1	1	NA	3	1	1	2	2	3	1	1	1	6	4	3	2	3	6	6	7	4	7
18	50	165	5	1	NA	NA	1	2	3	1	1	1	2	3	4	3	2	2	5	2	6	7	2	7	7	8	7	2
20	67	176	7	2	1	12	1	2	3	2	1	1	2	2	4	2	2	1	3	6	5	6	3	2	4	3	2	7
22	61	163	8	2	1	12	1	2	2	3	2	4	5	5	1	4	4	2	5	3	2	3	2	6	1	6	4	6
19	53	167	6	2	1	14	1	1	NA	2	1	1	3	1	4	1	2	1	5	3	4	3	4	3	5	6	3	6
22	80	176	7	2	1	13	1	1	NA	2	1	4	3	4	2	2	4	2	6	4	3	3	2	1	4	6	6	7
24	61	160	7	2	1	11	1	1	NA	2	2	3	5	3	2	3	2	3	3	3	3	4	3	3	3	4	3	5
23	57	173	8	2	2	14	1	1	NA	2	2	1	5	3	3	3	2	1	7	2	4	4	7	6	7	7	4	6
46	56.5	156.5	8	2	1	15	1	2	3	2	4	2	3	2	2	3	2	2	7	3	4	4	5	4	4	5	4	5
21	80	185	5	1	NA	NA	1	2	3	1	1	1	5	4	4	1	2	2	3	4	2	3	4	3	7	6	6	6
27	51	156	8	2	2	11	1	1	NA	2	5	5	4	4	2	2	2	2	7	4	2	2	7	7	7	7	4	7
22	51	170	6	2	2	12	1	2	3	1	1	1	3	1	5	2	2	3	6	4	2	2	3	3	3	5	3	7
23	70	187	8	2	1	12	1	2	1	3	4	3	4	3	1	4	3	4	6	8	6	5	4	3	5	3	3	7
22	70	166	7	2	2	13	1	2	1	1	1	1	4	3	2	4	3	3	4	4	4	5	6	4	5	5	4	3
22	75	173	6	2	1	13	1	1	NA	2	5	3	2	4	2	2	2	2	5	2	2	3	5	5	4	4	3	4
23	50	153	5	2	1	11	1	1	NA	2	1	1	3	1	4	2	1	2	6	3	5	3	4	6	5	4	4	5
26	90	182	6	2	1	12	1	1	NA	2	3	2	3	1	3	4	1	1	8	4	4	2	5	7	6	5	4	7
21	66	173	6	1	NA	NA	1	1	NA	2	2	2	4	4	2	3	2	2	2	6	4	4	5	4	2	5	7	3
19	63	170	7	2	1	14	1	1	NA	2	1	1	4	1	5	2	1	1	3	4	5	6	4	3	4	5	4	6
21	75	186	6	1	NA	NA	3	1	NA	2	4	4	4	4	2	2	2	2	3	5	4	2	6	4	5	4	5	4
24	61	169	6	2	1	16	1	2	2	3	2	4	5	5	1	4	2	2	6	3	3	6	4	6	7	6	4	5
19	55	165	7	2	1	14	1	1	NA	3	1	1	5	2	2	2	1	1	2	2	2	1	4	5	4	7	4	6
53	63	170	8	1	NA	NA	3	1	NA	2	5	5	5	5	1	4	2	2	7	4	4	3	1	5	7	5	6	3
18	68	173	4	2	1	10	1	2	1	1	1	1	3	2	3	1	1	1	4	4	4	4	4	4	5	5	4	5
18	67	173	8	2	2	12	1	1	NA	2	2	1	2	1	2	4	3	2	4	8	1	1	8	8	4	8	4	8
19	53	168	6	2	1	14	1	1	NA	2	1	1	4	2	3	2	1	1	5	2	3	4	5	6	6	5	4	6
21	108	180	3	1	NA	NA	1	2	1	1	1	1	5	4	4	2	1	2	3	7	6	5	5	3	4	3	4	5
21	57	156	5	2	1	12	2	1	NA	2	2	1	1	1	2	1	1	1	3	2	2	2	4	6	5	6	2	7
19	62.6	172	3	2	1	13	1	2	3	1	1	1	2	1	5	3	2	1	5	4	4	4	4	6	6	6	5	3
21	67	169	8	2	2	13	1	2	1	1	3	1	5	2	3	4	4	1	5	3	3	3	2	5	2	4	3	6
26	89	190	6	1	NA	NA	1	1	NA	2	3	2	3	4	1	3	2	2	2	5	5	4	6	3	2	5	3	5
34	74	172	7	2	2	13	1	1	NA	2	2	2	3	1	3	2	2	2	4	3	2	2	5	3	4	6	3	5
21	65	167	5	2	2	13	1	2	1	1	1	1	3	2	4	4	3	2	6	3	2	2	5	6	7	6	4	4
24	70	160	7	2	2	12	1	1	NA	2	1	1	3	4	2	3	2	2	6	7	4	4	4	6	3	4	2	3
22	65	173	7	2	1	12	1	2	1	4	5	5	5	5	1	3	2	2	7	4	3	2	6	2	6	7	3	5
23	50	165	7	2	1	13	1	2	1	3	2	1	3	1	4	2	2	1	6	3	2	2	4	3	7	5	3	3
23	52	159	7	2	1	9	1	1	NA	2	4	4	4	3	1	1	2	1	8	1	1	1	8	8	8	8	1	8
21	56	159	7	2	1	12	1	1	NA	2	1	2	4	3	2	3	1	1	6	2	6	3	4	5	2	3	1	4
27	73	174	5	2	1	10	1	1	NA	2	3	3	4	2	2	1	1	1	2	6	4	3	6	3	3	6	3	3
22	82	176	6	2	1	14	1	1	NA	2	1	1	3	1	3	2	1	1	4	5	3	5	3	2	4	4	4	3
23	67	174	8	2	1	14	2	1	NA	2	2	3	4	4	1	3	3	2	1	4	2	5	4	3	2	2	2	6
28	53	165	6	2	1	13	1	1	NA	2	3	3	5	3	4	3	2	2	6	4	4	3	6	5	6	5	4	3
27	50	163	7	2	NA	13	1	1	NA	2	2	2	2	2	3	1	2	1	2	3	3	2	5	5	4	7	3	3
28	64	177	8	2	1	14	1	1	NA	2	5	3	3	4	2	4	2	2	5	4	3	3	4	5	5	5	4	4
27	52	162	8	2	1	11	2	1	NA	3	3	3	5	4	1	2	2	2	5	3	3	4	6	6	3	6	5	5
20	80	175	6	2	1	13	1	2	1	1	1	1	1	1	5	3	2	1	2	7	7	7	5	3	6	2	4	6
29	75	189	6	1	NA	NA	1	1	NA	2	3	3	5	4	1	2	2	2	4	2	4	5	3	5	2	5	4	7
22	70	168	7	2	1	14	1	1	NA	2	1	1	5	1	5	1	1	1	4	2	4	3	3	4	4	6	2	7
24	65	180	7	1	NA	NA	1	1	NA	2	1	1	4	4	1	3	1	1	4	5	3	2	3	2	2	2	5	3
20	70	183	6	2	1	13	1	1	NA	2	1	1	4	3	2	4	3	2	6	3	2	4	3	6	4	6	3	5
22	68	182	6	1	NA	NA	1	1	NA	2	1	1	1	2	5	2	1	2	2	4	4	6	7	2	1	4	3	7
24	68	179	8	1	NA	NA	1	2	2	5	4	5	4	5	1	4	4	3	2	5	4	6	6	4	3	3	3	7
25	49	163	6	2	1	14	1	1	NA	2	2	2	3	2	3	1	1	2	5	4	4	3	4	4	5	5	4	4
24	89	189	8	1	NA	NA	1	2	2	1	2	2	4	4	4	3	4	4	6	3	6	3	2	2	6	2	3	3
19	67	178	3	2	1	13	4	2	3	1	1	1	5	2	4	1	1	1	5	5	3	3	5	4	4	3	3	3
28	56	155	6	2	1	14	1	1	NA	2	1	1	4	1	4	2	2	1	3	7	4	5	2	2	4	5	4	6
22	52	163	6	2	1	15	1	1	NA	2	2	1	4	1	4	2	2	1	6	2	3	3	6	6	5	6	4	4
